Sample	0	1	2	3	4	5	6	7	8	9	10	11	12	13	14	15
SRR16013048_1.fastq.gz	(1.0, 55.12200000000001)	(2.0, 20.61)	(3.0, 7.176)	(4.0, 2.716)	(5.0, 1.225)	(6.0, 0.792)	(7.0, 0.637)	(8.0, 0.4)	(9.0, 0.315)	('>10', 4.234)	('>50', 1.6549999999999998)	('>100', 4.258)	('>500', 0.86)	('>1k', 0.0)	('>5k', 0.0)	('>10k+', 0.0)
SRR16013048_1.trimmed.fastq.gz	(1.0, 55.97564152663801)	(2.0, 20.298727801658632)	(3.0, 7.121922626025791)	(4.0, 2.6616299769875384)	(5.0, 1.2157526811688593)	(6.0, 0.7164256871173635)	(7.0, 0.5774825235552082)	(8.0, 0.4168294906864661)	(9.0, 0.2637749120750293)	('>10', 4.1216186878554995)	('>50', 1.976683600364726)	('>100', 3.806825582909991)	('>500', 0.8466849029568843)	('>1k', 0.0)	('>5k', 0.0)	('>10k+', 0.0)
SRR16013048_2.fastq.gz	(1.0, 60.84)	(2.0, 18.156)	(3.0, 6.156)	(4.0, 2.2079999999999997)	(5.0, 0.9900000000000001)	(6.0, 0.594)	(7.0, 0.378)	(8.0, 0.344)	(9.0, 0.243)	('>10', 4.476)	('>50', 2.561)	('>100', 3.0540000000000003)	('>500', 0.0)	('>1k', 0.0)	('>5k', 0.0)	('>10k+', 0.0)
SRR16013048_2.trimmed.fastq.gz	(1.0, 58.239980895315014)	(2.0, 19.610524944639835)	(3.0, 6.6367070470235765)	(4.0, 2.370717728279276)	(5.0, 1.0529286613694586)	(6.0, 0.6317571968216752)	(7.0, 0.40271807563718465)	(8.0, 0.3820936997959272)	(9.0, 0.25400547088706527)	('>10', 4.785940688637055)	('>50', 2.852676826885502)	('>100', 2.779948764708436)	('>500', 0.0)	('>1k', 0.0)	('>5k', 0.0)	('>10k+', 0.0)
SRR16013050_1.fastq.gz	(1.0, 57.977999999999994)	(2.0, 20.652)	(3.0, 6.765000000000001)	(4.0, 2.7439999999999998)	(5.0, 1.295)	(6.0, 0.738)	(7.0, 0.6859999999999999)	(8.0, 0.424)	(9.0, 0.27899999999999997)	('>10', 3.637)	('>50', 1.5230000000000001)	('>100', 2.6839999999999997)	('>500', 0.5950000000000001)	('>1k', 0.0)	('>5k', 0.0)	('>10k+', 0.0)
SRR16013050_1.trimmed.fastq.gz	(1.0, 58.43704284775373)	(2.0, 20.514342654822226)	(3.0, 6.65931689528696)	(4.0, 2.6586384548519093)	(5.0, 1.3197786588080649)	(6.0, 0.7441643521953909)	(7.0, 0.6381580342188394)	(8.0, 0.43250577734432977)	(9.0, 0.29575762715457843)	('>10', 3.675239044247037)	('>50', 1.4756079462335956)	('>100', 2.5706532109313716)	('>500', 0.5787944961519706)	('>1k', 0.0)	('>5k', 0.0)	('>10k+', 0.0)
SRR16013050_2.fastq.gz	(1.0, 62.717999999999996)	(2.0, 18.632)	(3.0, 5.946)	(4.0, 2.116)	(5.0, 1.08)	(6.0, 0.624)	(7.0, 0.49)	(8.0, 0.28800000000000003)	(9.0, 0.369)	('>10', 4.009)	('>50', 2.175)	('>100', 1.553)	('>500', 0.0)	('>1k', 0.0)	('>5k', 0.0)	('>10k+', 0.0)
SRR16013050_2.trimmed.fastq.gz	(1.0, 60.96423346831471)	(2.0, 19.67265249008841)	(3.0, 6.28087434011067)	(4.0, 2.2473339411028896)	(5.0, 1.1289672864502724)	(6.0, 0.6487586660164946)	(7.0, 0.5120105158267433)	(8.0, 0.3052981957724681)	(9.0, 0.39116331333347465)	('>10', 4.252973477219242)	('>50', 2.3172981109674136)	('>100', 1.27843619479721)	('>500', 0.0)	('>1k', 0.0)	('>5k', 0.0)	('>10k+', 0.0)
SRR16013054_1.fastq.gz	(1.0, 57.662)	(2.0, 20.452)	(3.0, 6.426)	(4.0, 2.408)	(5.0, 1.1400000000000001)	(6.0, 0.624)	(7.0, 0.49699999999999994)	(8.0, 0.44)	(9.0, 0.333)	('>10', 4.9639999999999995)	('>50', 1.149)	('>100', 3.2870000000000004)	('>500', 0.618)	('>1k', 0.0)	('>5k', 0.0)	('>10k+', 0.0)
SRR16013054_1.trimmed.fastq.gz	(1.0, 58.11100690963576)	(2.0, 20.4702001746273)	(3.0, 6.383597969149177)	(4.0, 2.3240522157186128)	(5.0, 1.0779462967154976)	(6.0, 0.6726384891504705)	(7.0, 0.5357393094676023)	(8.0, 0.3535663853226832)	(9.0, 0.32985156679494226)	('>10', 4.781769772229947)	('>50', 1.1986762819476333)	('>100', 3.1594605956731234)	('>500', 0.6014940335672476)	('>1k', 0.0)	('>5k', 0.0)	('>10k+', 0.0)
SRR16013054_2.fastq.gz	(1.0, 62.425)	(2.0, 18.142)	(3.0, 5.46)	(4.0, 1.9879999999999998)	(5.0, 0.95)	(6.0, 0.612)	(7.0, 0.441)	(8.0, 0.27999999999999997)	(9.0, 0.369)	('>10', 5.139)	('>50', 2.409)	('>100', 1.257)	('>500', 0.528)	('>1k', 0.0)	('>5k', 0.0)	('>10k+', 0.0)
SRR16013054_2.trimmed.fastq.gz	(1.0, 60.26797744936347)	(2.0, 19.448307085341007)	(3.0, 5.833845357824273)	(4.0, 2.1127747415623754)	(5.0, 1.0078797874289902)	(6.0, 0.6597031335898845)	(7.0, 0.4602830686975175)	(8.0, 0.30182496308033935)	(9.0, 0.38806066681757917)	('>10', 5.481356918798305)	('>50', 2.6830083325248735)	('>100', 1.3549784949713806)	('>500', 0.0)	('>1k', 0.0)	('>5k', 0.0)	('>10k+', 0.0)
SRR16013056_1.fastq.gz	(1.0, 56.294999999999995)	(2.0, 19.994)	(3.0, 6.6930000000000005)	(4.0, 2.556)	(5.0, 1.16)	(6.0, 0.69)	(7.0, 0.581)	(8.0, 0.304)	(9.0, 0.34199999999999997)	('>10', 4.429)	('>50', 1.5190000000000001)	('>100', 4.595)	('>500', 0.8420000000000001)	('>1k', 0.0)	('>5k', 0.0)	('>10k+', 0.0)
SRR16013056_1.trimmed.fastq.gz	(1.0, 57.080938774199765)	(2.0, 19.7985894842735)	(3.0, 6.642694320480302)	(4.0, 2.4700078124163913)	(5.0, 1.1022998469622542)	(6.0, 0.6549587440202909)	(7.0, 0.5318864310099422)	(8.0, 0.3424620883766227)	(9.0, 0.3660063569525155)	('>10', 4.387795507325478)	('>50', 1.2542673986793806)	('>100', 4.55153519333055)	('>500', 0.8165580419730096)	('>1k', 0.0)	('>5k', 0.0)	('>10k+', 0.0)
SRR16013056_2.fastq.gz	(1.0, 61.12800000000001)	(2.0, 18.099999999999998)	(3.0, 5.667)	(4.0, 1.968)	(5.0, 0.9650000000000001)	(6.0, 0.5519999999999999)	(7.0, 0.42700000000000005)	(8.0, 0.256)	(9.0, 0.198)	('>10', 4.6530000000000005)	('>50', 3.109)	('>100', 2.9770000000000003)	('>500', 0.0)	('>1k', 0.0)	('>5k', 0.0)	('>10k+', 0.0)
SRR16013056_2.trimmed.fastq.gz	(1.0, 59.05865733457476)	(2.0, 19.29773868002269)	(3.0, 6.023051979323851)	(4.0, 2.080457186887983)	(5.0, 1.0220352949989833)	(6.0, 0.5779047741355509)	(7.0, 0.4569728491775559)	(8.0, 0.27396967070129813)	(9.0, 0.2118984171830353)	('>10', 4.927173296518659)	('>50', 3.3903746749285646)	('>100', 2.6797658415470726)	('>500', 0.0)	('>1k', 0.0)	('>5k', 0.0)	('>10k+', 0.0)
SRR16013070_1.fastq.gz	(1.0, 54.473000000000006)	(2.0, 20.276)	(3.0, 7.041)	(4.0, 2.536)	(5.0, 0.9650000000000001)	(6.0, 0.5760000000000001)	(7.0, 0.39899999999999997)	(8.0, 0.248)	(9.0, 0.27899999999999997)	('>10', 3.621)	('>50', 1.9539999999999997)	('>100', 6.449000000000001)	('>500', 0.0)	('>1k', 1.183)	('>5k', 0.0)	('>10k+', 0.0)
SRR16013070_1.trimmed.fastq.gz	(1.0, 55.219047409960595)	(2.0, 20.250496712367863)	(3.0, 6.908967167586912)	(4.0, 2.4325184689184294)	(5.0, 0.9440279256632893)	(6.0, 0.5466580313724629)	(7.0, 0.33809372221429435)	(8.0, 0.2634496536734761)	(9.0, 0.2865014983699053)	('>10', 3.6520708240485624)	('>50', 1.7662103865025962)	('>100', 6.22509577492618)	('>500', 0.0)	('>1k', 1.166862424395438)	('>5k', 0.0)	('>10k+', 0.0)
SRR16013070_2.fastq.gz	(1.0, 60.636)	(2.0, 17.560000000000002)	(3.0, 5.718)	(4.0, 2.008)	(5.0, 0.815)	(6.0, 0.47400000000000003)	(7.0, 0.308)	(8.0, 0.256)	(9.0, 0.189)	('>10', 3.8859999999999997)	('>50', 2.626)	('>100', 4.904)	('>500', 0.62)	('>1k', 0.0)	('>5k', 0.0)	('>10k+', 0.0)
SRR16013070_2.trimmed.fastq.gz	(1.0, 57.73499160254229)	(2.0, 19.16596230474539)	(3.0, 6.207532464681281)	(4.0, 2.173459642806178)	(5.0, 0.8616999088903281)	(6.0, 0.5268993073469522)	(7.0, 0.31504187751786517)	(8.0, 0.27223130879592533)	(9.0, 0.19758724025510707)	('>10', 4.183360958956739)	('>50', 3.093338016882732)	('>100', 5.267895366579216)	('>500', 0.0)	('>1k', 0.0)	('>5k', 0.0)	('>10k+', 0.0)
SRR16013072_1.fastq.gz	(1.0, 48.445)	(2.0, 18.322)	(3.0, 6.249)	(4.0, 2.62)	(5.0, 1.37)	(6.0, 0.8580000000000001)	(7.0, 0.623)	(8.0, 0.5760000000000001)	(9.0, 0.432)	('>10', 6.089)	('>50', 2.4619999999999997)	('>100', 7.625)	('>500', 2.724)	('>1k', 1.6049999999999998)	('>5k', 0.0)	('>10k+', 0.0)
SRR16013072_1.trimmed.fastq.gz	(1.0, 49.205503290010334)	(2.0, 18.215237370166946)	(3.0, 6.202621132198597)	(4.0, 2.6102561313828923)	(5.0, 1.2670618304421122)	(6.0, 0.880961444341726)	(7.0, 0.5862200228397412)	(8.0, 0.626461471531894)	(9.0, 0.3523845777366904)	('>10', 6.054706618086899)	('>50', 2.7201044102452556)	('>100', 8.544238403393333)	('>500', 1.1626515851867965)	('>1k', 1.5715917124367829)	('>5k', 0.0)	('>10k+', 0.0)
SRR16013072_2.fastq.gz	(1.0, 54.776)	(2.0, 16.084)	(3.0, 5.442)	(4.0, 2.1)	(5.0, 1.1400000000000001)	(6.0, 0.582)	(7.0, 0.511)	(8.0, 0.304)	(9.0, 0.34199999999999997)	('>10', 5.345)	('>50', 3.897)	('>100', 8.37)	('>500', 1.107)	('>1k', 0.0)	('>5k', 0.0)	('>10k+', 0.0)
SRR16013072_2.trimmed.fastq.gz	(1.0, 51.64065473924629)	(2.0, 17.397357115666974)	(3.0, 5.88939039643265)	(4.0, 2.266572407417478)	(5.0, 1.2072434607645874)	(6.0, 0.6329871118603513)	(7.0, 0.5557670346402741)	(8.0, 0.33063244330849967)	(9.0, 0.3523845777366904)	('>10', 5.7240741747784)	('>50', 4.234052966447333)	('>100', 9.218554570667246)	('>500', 0.5503290010332264)	('>1k', 0.0)	('>5k', 0.0)	('>10k+', 0.0)
SRR16013073_1.fastq.gz	(1.0, 60.563)	(2.0, 10.684000000000001)	(3.0, 2.964)	(4.0, 1.532)	(5.0, 0.91)	(6.0, 0.768)	(7.0, 0.63)	(8.0, 0.592)	(9.0, 0.40499999999999997)	('>10', 5.647)	('>50', 2.833)	('>100', 7.369000000000001)	('>500', 3.4410000000000003)	('>1k', 1.662)	('>5k', 0.0)	('>10k+', 0.0)
SRR16013073_1.trimmed.fastq.gz	(1.0, 61.23092181387404)	(2.0, 10.680478263265194)	(3.0, 2.9191691002259077)	(4.0, 1.4325858174004078)	(5.0, 0.9587305085679652)	(6.0, 0.727312799603284)	(7.0, 0.6093999669403273)	(8.0, 0.4936911124579867)	(9.0, 0.4463055815747424)	('>10', 5.52096534244311)	('>50', 2.8045622348338752)	('>100', 8.746487409774643)	('>500', 1.8072621081051299)	('>1k', 1.6221279409333846)	('>5k', 0.0)	('>10k+', 0.0)
SRR16013073_2.fastq.gz	(1.0, 64.645)	(2.0, 9.528)	(3.0, 2.286)	(4.0, 1.0999999999999999)	(5.0, 0.765)	(6.0, 0.5640000000000001)	(7.0, 0.406)	(8.0, 0.32)	(9.0, 0.27899999999999997)	('>10', 6.135)	('>50', 3.5520000000000005)	('>100', 8.37)	('>500', 2.0500000000000003)	('>1k', 0.0)	('>5k', 0.0)	('>10k+', 0.0)
SRR16013073_2.trimmed.fastq.gz	(1.0, 62.4915973331864)	(2.0, 10.387349165243263)	(3.0, 2.4596396495674693)	(4.0, 1.1637004793652543)	(5.0, 0.8375117086340845)	(6.0, 0.5686263705989311)	(7.0, 0.4319797234007383)	(8.0, 0.30855694528624167)	(9.0, 0.28761915257038956)	('>10', 6.673645930905284)	('>50', 3.9869965287343656)	('>100', 9.219240729516779)	('>500', 1.1835362829907985)	('>1k', 0.0)	('>5k', 0.0)	('>10k+', 0.0)
SRR16013074_1.fastq.gz	(1.0, 62.444)	(2.0, 9.017999999999999)	(3.0, 2.6100000000000003)	(4.0, 1.464)	(5.0, 0.9450000000000001)	(6.0, 0.732)	(7.0, 0.609)	(8.0, 0.52)	(9.0, 0.396)	('>10', 5.877000000000001)	('>50', 2.785)	('>100', 8.516)	('>500', 2.412)	('>1k', 1.672)	('>5k', 0.0)	('>10k+', 0.0)
SRR16013074_1.trimmed.fastq.gz	(1.0, 63.18733451015004)	(2.0, 8.984995586937334)	(3.0, 2.5650926743159754)	(4.0, 1.3459841129744041)	(5.0, 0.9653574580759047)	(6.0, 0.6619593998234775)	(7.0, 0.5792144748455428)	(8.0, 0.5472197705207414)	(9.0, 0.3475286849073257)	('>10', 6.008384819064431)	('>50', 2.7261694616063545)	('>100', 8.617608120035305)	('>500', 1.8225948808473078)	('>1k', 1.6405560458958517)	('>5k', 0.0)	('>10k+', 0.0)
SRR16013074_2.fastq.gz	(1.0, 66.666)	(2.0, 7.6499999999999995)	(3.0, 2.1149999999999998)	(4.0, 1.1079999999999999)	(5.0, 0.795)	(6.0, 0.672)	(7.0, 0.49)	(8.0, 0.24)	(9.0, 0.396)	('>10', 5.534)	('>50', 4.075)	('>100', 8.007)	('>500', 1.089)	('>1k', 1.163)	('>5k', 0.0)	('>10k+', 0.0)
SRR16013074_2.trimmed.fastq.gz	(1.0, 65.02316857899382)	(2.0, 8.336275375110326)	(3.0, 2.2738305383936455)	(4.0, 1.1738746690203001)	(5.0, 0.8164165931156222)	(6.0, 0.7082965578111209)	(7.0, 0.5097087378640777)	(8.0, 0.264783759929391)	(9.0, 0.4071050308914387)	('>10', 5.901368049426302)	('>50', 4.554280670785525)	('>100', 8.83053839364519)	('>500', 1.2003530450132391)	('>1k', 0.0)	('>5k', 0.0)	('>10k+', 0.0)
SRR16013082_1.fastq.gz	(1.0, 54.6)	(2.0, 19.676)	(3.0, 6.72)	(4.0, 2.4)	(5.0, 1.175)	(6.0, 0.6839999999999999)	(7.0, 0.47600000000000003)	(8.0, 0.368)	(9.0, 0.297)	('>10', 4.268000000000001)	('>50', 1.999)	('>100', 6.212)	('>500', 0.0)	('>1k', 1.125)	('>5k', 0.0)	('>10k+', 0.0)
SRR16013082_1.trimmed.fastq.gz	(1.0, 55.25883804516924)	(2.0, 19.619119145968565)	(3.0, 6.582264899951719)	(4.0, 2.2874309318169623)	(5.0, 1.2016522718738265)	(6.0, 0.650179711388874)	(7.0, 0.4355989485542621)	(8.0, 0.4034118341290703)	(9.0, 0.24140335818893838)	('>10', 4.117804838796202)	('>50', 2.138297301646907)	('>100', 5.971782629687248)	('>500', 0.0)	('>1k', 1.0922160828281744)	('>5k', 0.0)	('>10k+', 0.0)
SRR16013082_2.fastq.gz	(1.0, 59.889)	(2.0, 17.712)	(3.0, 5.577)	(4.0, 1.9720000000000002)	(5.0, 0.795)	(6.0, 0.534)	(7.0, 0.34299999999999997)	(8.0, 0.256)	(9.0, 0.17099999999999999)	('>10', 4.75)	('>50', 2.469)	('>100', 5.532)	('>500', 0.0)	('>1k', 0.0)	('>5k', 0.0)	('>10k+', 0.0)
SRR16013082_2.trimmed.fastq.gz	(1.0, 57.64068451263344)	(2.0, 18.911002628614344)	(3.0, 5.954616168660479)	(4.0, 2.098599860522504)	(5.0, 0.8475940131967169)	(6.0, 0.5343060994581835)	(7.0, 0.3680060082613594)	(8.0, 0.2832466069416877)	(9.0, 0.17381041789603563)	('>10', 5.026554369400784)	('>50', 2.7273214956279173)	('>100', 5.434257818786546)	('>500', 0.0)	('>1k', 0.0)	('>5k', 0.0)	('>10k+', 0.0)
SRR16013083_1.fastq.gz	(1.0, 71.382)	(2.0, 8.824)	(3.0, 2.175)	(4.0, 1.024)	(5.0, 0.685)	(6.0, 0.384)	(7.0, 0.378)	(8.0, 0.376)	(9.0, 0.261)	('>10', 4.245)	('>50', 1.79)	('>100', 7.2410000000000005)	('>500', 0.0)	('>1k', 1.2349999999999999)	('>5k', 0.0)	('>10k+', 0.0)
SRR16013083_1.trimmed.fastq.gz	(1.0, 71.91633544015117)	(2.0, 8.700940466106296)	(3.0, 2.179579070828175)	(4.0, 0.9991094893681718)	(5.0, 0.6678829738711148)	(6.0, 0.36489216133446273)	(7.0, 0.4561152016680784)	(8.0, 0.2867009839056493)	(9.0, 0.2052518407506353)	('>10', 4.353728198779349)	('>50', 1.8776742468669232)	('>100', 6.791772550552769)	('>500', 0.0)	('>1k', 1.2000173758172064)	('>5k', 0.0)	('>10k+', 0.0)
SRR16013083_2.fastq.gz	(1.0, 74.271)	(2.0, 7.536)	(3.0, 1.587)	(4.0, 0.752)	(5.0, 0.43499999999999994)	(6.0, 0.414)	(7.0, 0.378)	(8.0, 0.208)	(9.0, 0.189)	('>10', 4.758)	('>50', 2.476)	('>100', 5.89)	('>500', 0.0)	('>1k', 1.106)	('>5k', 0.0)	('>10k+', 0.0)
SRR16013083_2.trimmed.fastq.gz	(1.0, 73.68649681805347)	(2.0, 8.062379183770988)	(3.0, 1.6843682804456896)	(4.0, 0.790599682891336)	(5.0, 0.43982537303707564)	(6.0, 0.4235355444060729)	(7.0, 0.38009600139006533)	(8.0, 0.22588562368323883)	(9.0, 0.17593014921483024)	('>10', 4.984687561086858)	('>50', 2.750809061488673)	('>100', 6.395386720531699)	('>500', 0.0)	('>1k', 0.0)	('>5k', 0.0)	('>10k+', 0.0)
SRR16013084_1.fastq.gz	(1.0, 68.689)	(2.0, 10.796)	(3.0, 2.493)	(4.0, 1.02)	(5.0, 0.745)	(6.0, 0.528)	(7.0, 0.329)	(8.0, 0.248)	(9.0, 0.234)	('>10', 4.3)	('>50', 2.101)	('>100', 6.662)	('>500', 0.503)	('>1k', 1.352)	('>5k', 0.0)	('>10k+', 0.0)
SRR16013084_1.trimmed.fastq.gz	(1.0, 69.27912961334245)	(2.0, 10.729991204925241)	(3.0, 2.4170168409394446)	(4.0, 1.0293494902114075)	(5.0, 0.7220647795259346)	(6.0, 0.4755855239584351)	(7.0, 0.3040272755898672)	(8.0, 0.23453532688361184)	(9.0, 0.23453532688361184)	('>10', 4.331302865457073)	('>50', 2.08041521439352)	('>100', 6.842785324169083)	('>500', 0.0)	('>1k', 1.3192612137203166)	('>5k', 0.0)	('>10k+', 0.0)
SRR16013084_2.fastq.gz	(1.0, 71.648)	(2.0, 9.504)	(3.0, 1.9769999999999999)	(4.0, 0.8)	(5.0, 0.565)	(6.0, 0.336)	(7.0, 0.308)	(8.0, 0.248)	(9.0, 0.108)	('>10', 4.421)	('>50', 3.137)	('>100', 5.988)	('>500', 0.96)	('>1k', 0.0)	('>5k', 0.0)	('>10k+', 0.0)
SRR16013084_2.trimmed.fastq.gz	(1.0, 70.67222602256317)	(2.0, 10.21965970661368)	(3.0, 2.1010456366656896)	(4.0, 0.8469331248574873)	(5.0, 0.5917673757017059)	(6.0, 0.32574350956057196)	(7.0, 0.3192286393693606)	(8.0, 0.25190831406017566)	(9.0, 0.11726766344180592)	('>10', 4.576696309326037)	('>50', 3.4778548704083736)	('>100', 6.499668827431947)	('>500', 0.0)	('>1k', 0.0)	('>5k', 0.0)	('>10k+', 0.0)
SRR16013090_1.fastq.gz	(1.0, 45.171)	(2.0, 16.454)	(3.0, 6.078)	(4.0, 2.708)	(5.0, 1.53)	(6.0, 1.05)	(7.0, 0.714)	(8.0, 0.76)	(9.0, 0.585)	('>10', 6.085999999999999)	('>50', 3.2870000000000004)	('>100', 9.790000000000001)	('>500', 3.8760000000000003)	('>1k', 1.9109999999999998)	('>5k', 0.0)	('>10k+', 0.0)
SRR16013090_1.trimmed.fastq.gz	(1.0, 46.57595952829208)	(2.0, 16.276464269626583)	(3.0, 6.02917566615461)	(4.0, 2.6380531075665)	(5.0, 1.4841936266300142)	(6.0, 1.094953741669458)	(7.0, 0.743829335058155)	(8.0, 0.6283278855149632)	(9.0, 0.5509419143210247)	('>10', 5.906744129638827)	('>50', 3.265225978586031)	('>100', 10.271543907876044)	('>500', 2.7304542672010537)	('>1k', 1.8041326418646555)	('>5k', 0.0)	('>10k+', 0.0)
SRR16013090_2.fastq.gz	(1.0, 54.617000000000004)	(2.0, 13.611999999999998)	(3.0, 4.7940000000000005)	(4.0, 1.9480000000000002)	(5.0, 1.045)	(6.0, 0.804)	(7.0, 0.47600000000000003)	(8.0, 0.392)	(9.0, 0.243)	('>10', 5.587000000000001)	('>50', 3.848)	('>100', 10.488)	('>500', 0.633)	('>1k', 1.513)	('>5k', 0.0)	('>10k+', 0.0)
SRR16013090_2.trimmed.fastq.gz	(1.0, 49.716443941371466)	(2.0, 15.516464731632382)	(3.0, 5.436653229998036)	(4.0, 2.1806673673754604)	(5.0, 1.1723397128633966)	(6.0, 0.8870511324917127)	(7.0, 0.5093613924854757)	(8.0, 0.406565102392035)	(9.0, 0.280668522389956)	('>10', 6.381455087261346)	('>50', 4.3647997782372165)	('>100', 12.417560840388548)	('>500', 0.7299691611129719)	('>1k', 0.0)	('>5k', 0.0)	('>10k+', 0.0)
