Sample	0	1	2	3	4	5	6	7	8	9	10	11	12	13	14	15	16	17	18	19	20	21	22	23	24	25	26	27	28	29	30	31	32	33	34	35	36	37	38	39	40	41	42	43	44	45	46	47	48	49	50	51	52	53	54	55	56	57	58	59	60	61	62	63	64	65	66	67	68	69	70	71	72	73	74	75	76	77	78	79	80	81	82	83	84	85	86	87	88	89	90	91	92	93	94	95	96	97	98	99	100	101	102	103	104	105	106	107	108	109	110	111	112	113	114	115	116	117	118	119	120	121	122	123	124	125	126	127	128	129	130	131	132	133	134	135	136	137	138	139	140	141	142	143	144	145	146	147	148	149
SRR16013048_1.fastq.gz_SRR16013048_2.fastq.gz	(1, 83.2769)	(2, 48.823299999999996)	(3, 56.06250000000001)	(4, 48.629)	(5, 46.0304)	(6, 45.2575)	(7, 38.6067)	(8, 47.258)	(9, 45.2108)	(10, 43.5652)	(11, 55.578399999999995)	(12, 51.15389999999999)	(13, 47.3926)	(14, 48.8678)	(15, 49.3368)	(16, 50.1324)	(17, 49.6722)	(18, 50.1845)	(19, 50.36580000000001)	(20, 50.193200000000004)	(21, 49.7938)	(22, 49.8057)	(23, 48.492200000000004)	(24, 49.8404)	(25, 50.0836)	(26, 49.2836)	(27, 48.8776)	(28, 50.3886)	(29, 50.6263)	(30, 50.7153)	(31, 51.0784)	(32, 49.9984)	(33, 50.3333)	(34, 49.9571)	(35, 49.966899999999995)	(36, 50.515699999999995)	(37, 49.4767)	(38, 50.1308)	(39, 49.3263)	(40, 50.477199999999996)	(41, 49.013600000000004)	(42, 48.6747)	(43, 48.6285)	(44, 48.103899999999996)	(45, 48.060900000000004)	(46, 49.646499999999996)	(47, 48.6244)	(48, 48.720400000000005)	(49, 49.9587)	(50, 48.8337)	(51, 50.5509)	(52, 51.1796)	(53, 49.7902)	(54, 50.2652)	(55, 50.3082)	(56, 50.497499999999995)	(57, 49.520399999999995)	(58, 48.3489)	(59, 48.4388)	(60, 48.8622)	(61, 49.152499999999996)	(62, 48.640899999999995)	(63, 49.7206)	(64, 50.621300000000005)	(65, 50.0927)	(66, 49.736599999999996)	(67, 51.6841)	(68, 49.270399999999995)	(69, 50.6378)	(70, 50.7094)	(71, 50.1773)	(72, 50.238400000000006)	(73, 49.3399)	(74, 49.595800000000004)	(75, 49.6475)	(76, 50.0556)	(77, 49.2049)	(78, 49.4433)	(79, 50.0155)	(80, 49.1981)	(81, 49.981700000000004)	(82, 50.8274)	(83, 50.2382)	(84, 50.7568)	(85, 50.916700000000006)	(86, 49.674)	(87, 51.17)	(88, 50.563100000000006)	(89, 49.5362)	(90, 49.8337)	(91, 49.7244)	(92, 49.8627)	(93, 50.1763)	(94, 50.829)	(95, 49.7523)	(96, 50.63569999999999)	(97, 51.519800000000004)	(98, 50.1701)	(99, 50.7302)	(100, 50.74379999999999)	(101, 49.1014)	(102, 50.4448)	(103, 50.666900000000005)	(104, 49.2057)	(105, 50.7547)	(106, 50.5955)	(107, 50.6792)	(108, 51.1908)	(109, 50.5702)	(110, 50.194700000000005)	(111, 49.1582)	(112, 50.010200000000005)	(113, 50.6814)	(114, 50.8786)	(115, 50.4943)	(116, 49.4012)	(117, 50.6321)	(118, 51.4683)	(119, 50.3579)	(120, 50.089600000000004)	(121, 50.9223)	(122, 50.594899999999996)	(123, 50.9401)	(124, 50.8472)	(125, 50.6034)	(126, 51.4838)	(127, 50.0183)	(128, 50.381299999999996)	(129, 50.07430000000001)	(130, 51.1119)	(131, 50.608200000000004)	(132, 50.899300000000004)	(133, 50.5285)	(134, 50.5797)	(135, 51.621700000000004)	(136, 51.0275)	(137, 50.6902)	(138, 50.571299999999994)	(139, 50.399499999999996)	(140, 49.3584)	(141, 49.019200000000005)	(142, 49.9823)	(143, 49.501)	(144, 48.763600000000004)	(145, 50.468500000000006)	(146, 50.033300000000004)	(147, 50.1961)	(148, 49.507200000000005)	(149, 50.195299999999996)	(150, 49.5279)
SRR16013050_1.fastq.gz_SRR16013050_2.fastq.gz	(1, 83.52239999999999)	(2, 47.2566)	(3, 56.1356)	(4, 48.8615)	(5, 45.2393)	(6, 44.1474)	(7, 37.208200000000005)	(8, 46.8643)	(9, 44.4272)	(10, 42.7757)	(11, 54.1501)	(12, 50.1908)	(13, 47.239599999999996)	(14, 47.5332)	(15, 48.8191)	(16, 49.0078)	(17, 48.5149)	(18, 49.1562)	(19, 49.6353)	(20, 49.0597)	(21, 48.6484)	(22, 48.8933)	(23, 47.5544)	(24, 48.7799)	(25, 49.047000000000004)	(26, 48.43)	(27, 48.1163)	(28, 49.405300000000004)	(29, 49.0724)	(30, 49.647000000000006)	(31, 50.1018)	(32, 48.922399999999996)	(33, 49.6475)	(34, 49.0931)	(35, 48.58)	(36, 48.8222)	(37, 48.7199)	(38, 48.8715)	(39, 48.4357)	(40, 49.3824)	(41, 47.6633)	(42, 48.389500000000005)	(43, 48.4881)	(44, 47.591699999999996)	(45, 48.024699999999996)	(46, 48.3757)	(47, 47.5092)	(48, 47.3918)	(49, 48.6712)	(50, 47.910599999999995)	(51, 48.9499)	(52, 49.964999999999996)	(53, 48.5631)	(54, 48.6886)	(55, 49.4095)	(56, 49.1377)	(57, 48.583)	(58, 48.1782)	(59, 47.8817)	(60, 48.3427)	(61, 48.890899999999995)	(62, 47.5405)	(63, 49.2809)	(64, 49.4752)	(65, 49.0103)	(66, 49.5052)	(67, 50.2315)	(68, 48.478300000000004)	(69, 49.5578)	(70, 49.3416)	(71, 48.667300000000004)	(72, 49.370000000000005)	(73, 48.7335)	(74, 48.5487)	(75, 49.0153)	(76, 49.1506)	(77, 48.3018)	(78, 48.9848)	(79, 48.7894)	(80, 48.1445)	(81, 49.2361)	(82, 50.4668)	(83, 49.0701)	(84, 49.7431)	(85, 49.8879)	(86, 48.5199)	(87, 50.170700000000004)	(88, 49.6709)	(89, 48.3716)	(90, 49.281000000000006)	(91, 49.3417)	(92, 48.3792)	(93, 49.0306)	(94, 49.666)	(95, 48.649)	(96, 49.9394)	(97, 50.1605)	(98, 49.3269)	(99, 49.885400000000004)	(100, 49.7647)	(101, 48.2515)	(102, 49.4101)	(103, 49.2772)	(104, 48.524)	(105, 49.5128)	(106, 50.1526)	(107, 49.4335)	(108, 50.3233)	(109, 49.5672)	(110, 48.8608)	(111, 48.6179)	(112, 48.9724)	(113, 49.3057)	(114, 49.4777)	(115, 49.1773)	(116, 48.5756)	(117, 49.5785)	(118, 50.1018)	(119, 49.2865)	(120, 49.315999999999995)	(121, 49.8317)	(122, 49.276399999999995)	(123, 50.3299)	(124, 49.648900000000005)	(125, 49.6792)	(126, 50.319)	(127, 49.429)	(128, 48.8783)	(129, 49.3959)	(130, 50.16080000000001)	(131, 49.5232)	(132, 50.009800000000006)	(133, 49.350100000000005)	(134, 49.548700000000004)	(135, 50.015299999999996)	(136, 49.7299)	(137, 49.7074)	(138, 49.7826)	(139, 49.508)	(140, 48.013600000000004)	(141, 48.850300000000004)	(142, 49.3474)	(143, 48.1146)	(144, 48.9963)	(145, 49.5479)	(146, 49.020799999999994)	(147, 49.912099999999995)	(148, 49.3508)	(149, 49.5683)	(150, 49.5606)
SRR16013054_1.fastq.gz_SRR16013054_2.fastq.gz	(1, 84.0712)	(2, 49.2923)	(3, 56.93820000000001)	(4, 49.5155)	(5, 46.328)	(6, 44.9299)	(7, 38.324200000000005)	(8, 46.9909)	(9, 44.6863)	(10, 43.0887)	(11, 54.297200000000004)	(12, 50.8618)	(13, 47.2873)	(14, 47.943799999999996)	(15, 49.6222)	(16, 49.9229)	(17, 49.1824)	(18, 49.6049)	(19, 49.7893)	(20, 49.444300000000005)	(21, 49.389300000000006)	(22, 49.0099)	(23, 47.830600000000004)	(24, 49.065999999999995)	(25, 49.444300000000005)	(26, 48.6854)	(27, 48.4483)	(28, 50.0189)	(29, 49.5985)	(30, 50.4684)	(31, 50.9173)	(32, 49.810300000000005)	(33, 50.041500000000006)	(34, 49.7903)	(35, 49.453399999999995)	(36, 49.4637)	(37, 49.0152)	(38, 49.0982)	(39, 49.552600000000005)	(40, 50.1633)	(41, 48.5645)	(42, 48.1699)	(43, 48.9197)	(44, 48.0079)	(45, 48.518299999999996)	(46, 49.269400000000005)	(47, 48.538199999999996)	(48, 48.6971)	(49, 49.614399999999996)	(50, 48.5997)	(51, 50.158100000000005)	(52, 50.4845)	(53, 49.2721)	(54, 49.4884)	(55, 49.7193)	(56, 49.8505)	(57, 49.142)	(58, 48.9392)	(59, 48.489399999999996)	(60, 48.8516)	(61, 48.8356)	(62, 48.9043)	(63, 48.8292)	(64, 50.06660000000001)	(65, 48.9802)	(66, 49.5968)	(67, 51.111200000000004)	(68, 49.4122)	(69, 50.025)	(70, 50.40710000000001)	(71, 49.4472)	(72, 49.6519)	(73, 49.2624)	(74, 49.2909)	(75, 49.6558)	(76, 49.5736)	(77, 48.7116)	(78, 49.267)	(79, 49.4562)	(80, 49.0918)	(81, 49.6442)	(82, 50.5562)	(83, 50.07899999999999)	(84, 50.3108)	(85, 50.220600000000005)	(86, 49.4917)	(87, 50.296099999999996)	(88, 50.031099999999995)	(89, 49.0644)	(90, 49.2863)	(91, 49.0664)	(92, 49.4688)	(93, 49.8385)	(94, 50.200599999999994)	(95, 49.4108)	(96, 50.281699999999994)	(97, 50.544)	(98, 49.7461)	(99, 50.1013)	(100, 50.4783)	(101, 48.9914)	(102, 49.9073)	(103, 50.1432)	(104, 48.1698)	(105, 49.858999999999995)	(106, 50.0499)	(107, 50.1883)	(108, 50.4784)	(109, 50.7147)	(110, 49.3615)	(111, 48.8723)	(112, 49.242399999999996)	(113, 49.9315)	(114, 50.2378)	(115, 49.7979)	(116, 49.0627)	(117, 49.8809)	(118, 50.2564)	(119, 50.09909999999999)	(120, 49.635400000000004)	(121, 50.542)	(122, 49.5281)	(123, 50.43)	(124, 50.524)	(125, 50.2389)	(126, 50.6076)	(127, 50.2046)	(128, 49.716)	(129, 49.5439)	(130, 50.5382)	(131, 50.1792)	(132, 50.20289999999999)	(133, 50.0687)	(134, 49.850899999999996)	(135, 50.931400000000004)	(136, 50.1335)	(137, 50.2734)	(138, 50.1148)	(139, 50.182)	(140, 48.905300000000004)	(141, 49.3575)	(142, 49.1272)	(143, 48.3566)	(144, 48.221000000000004)	(145, 49.5796)	(146, 49.641000000000005)	(147, 49.9023)	(148, 49.328300000000006)	(149, 50.48859999999999)	(150, 49.519200000000005)
SRR16013056_1.fastq.gz_SRR16013056_2.fastq.gz	(1, 83.1776)	(2, 48.559000000000005)	(3, 55.7207)	(4, 48.4755)	(5, 46.0612)	(6, 45.2874)	(7, 38.1728)	(8, 47.3293)	(9, 45.3174)	(10, 43.955)	(11, 55.0508)	(12, 50.748599999999996)	(13, 47.4642)	(14, 48.5226)	(15, 49.5307)	(16, 49.8743)	(17, 49.4408)	(18, 49.9203)	(19, 49.8207)	(20, 49.538199999999996)	(21, 49.736200000000004)	(22, 49.5981)	(23, 47.964)	(24, 49.4622)	(25, 49.4836)	(26, 48.9218)	(27, 48.869299999999996)	(28, 50.5517)	(29, 50.1536)	(30, 50.2552)	(31, 51.104499999999994)	(32, 49.9021)	(33, 50.1247)	(34, 49.6838)	(35, 49.4643)	(36, 50.180899999999994)	(37, 49.2379)	(38, 49.2786)	(39, 49.1443)	(40, 50.053000000000004)	(41, 48.6331)	(42, 48.1213)	(43, 48.6163)	(44, 47.717999999999996)	(45, 48.0713)	(46, 49.0701)	(47, 48.201100000000004)	(48, 48.073100000000004)	(49, 49.4212)	(50, 48.4621)	(51, 49.963)	(52, 50.6802)	(53, 49.3985)	(54, 49.4214)	(55, 50.211600000000004)	(56, 50.0932)	(57, 49.0177)	(58, 48.4097)	(59, 48.385600000000004)	(60, 48.863099999999996)	(61, 49.2602)	(62, 48.1522)	(63, 48.757600000000004)	(64, 50.1934)	(65, 49.3488)	(66, 49.4946)	(67, 51.5471)	(68, 49.294399999999996)	(69, 50.226800000000004)	(70, 50.5853)	(71, 49.7314)	(72, 49.8591)	(73, 48.8733)	(74, 49.546600000000005)	(75, 49.8797)	(76, 49.775999999999996)	(77, 48.7751)	(78, 49.5342)	(79, 49.576100000000004)	(80, 48.5738)	(81, 50.25920000000001)	(82, 51.09629999999999)	(83, 49.864799999999995)	(84, 50.3299)	(85, 51.0616)	(86, 49.1635)	(87, 51.067499999999995)	(88, 50.5697)	(89, 49.2761)	(90, 49.6597)	(91, 49.4176)	(92, 49.242399999999996)	(93, 49.7469)	(94, 51.06079999999999)	(95, 49.4565)	(96, 50.3865)	(97, 51.153000000000006)	(98, 49.789699999999996)	(99, 50.9135)	(100, 50.4837)	(101, 48.6834)	(102, 50.41179999999999)	(103, 50.0419)	(104, 48.9886)	(105, 50.0606)	(106, 50.4121)	(107, 50.127900000000004)	(108, 50.808699999999995)	(109, 50.6634)	(110, 49.7811)	(111, 48.7516)	(112, 49.409)	(113, 50.4865)	(114, 50.574)	(115, 50.3617)	(116, 48.9089)	(117, 50.315)	(118, 51.62949999999999)	(119, 50.124100000000006)	(120, 49.960100000000004)	(121, 50.8171)	(122, 50.053599999999996)	(123, 51.4265)	(124, 50.5991)	(125, 50.73950000000001)	(126, 50.6672)	(127, 49.9825)	(128, 49.8966)	(129, 50.2295)	(130, 50.7118)	(131, 49.9604)	(132, 50.8236)	(133, 50.47469999999999)	(134, 50.296)	(135, 51.7564)	(136, 50.6815)	(137, 50.6404)	(138, 50.6884)	(139, 49.8761)	(140, 48.6999)	(141, 49.4199)	(142, 49.7664)	(143, 48.7632)	(144, 48.8526)	(145, 50.0414)	(146, 50.18749999999999)	(147, 50.177400000000006)	(148, 49.71)	(149, 50.092499999999994)	(150, 49.911699999999996)
SRR16013070_1.fastq.gz_SRR16013070_2.fastq.gz	(1, 82.75059999999999)	(2, 48.9072)	(3, 55.1137)	(4, 48.3705)	(5, 45.5998)	(6, 45.5526)	(7, 38.6997)	(8, 47.4989)	(9, 45.368199999999995)	(10, 44.3287)	(11, 55.9732)	(12, 51.4846)	(13, 47.6537)	(14, 49.4199)	(15, 50.496700000000004)	(16, 50.305699999999995)	(17, 50.6054)	(18, 50.197)	(19, 50.5264)	(20, 50.486799999999995)	(21, 50.6493)	(22, 49.8963)	(23, 48.7031)	(24, 49.5922)	(25, 50.40559999999999)	(26, 49.2969)	(27, 49.4934)	(28, 50.901799999999994)	(29, 51.1509)	(30, 51.155300000000004)	(31, 51.715199999999996)	(32, 50.346900000000005)	(33, 51.343700000000005)	(34, 50.116400000000006)	(35, 50.41330000000001)	(36, 50.5182)	(37, 49.3325)	(38, 50.2421)	(39, 50.085100000000004)	(40, 50.697199999999995)	(41, 48.5062)	(42, 47.8363)	(43, 48.612)	(44, 47.9125)	(45, 47.9195)	(46, 48.9769)	(47, 48.1405)	(48, 48.0796)	(49, 49.547999999999995)	(50, 48.6923)	(51, 50.781600000000005)	(52, 51.516099999999994)	(53, 49.9506)	(54, 49.790099999999995)	(55, 50.512100000000004)	(56, 51.1004)	(57, 49.5003)	(58, 48.424099999999996)	(59, 48.509600000000006)	(60, 48.8628)	(61, 48.566900000000004)	(62, 48.9045)	(63, 49.2028)	(64, 50.921499999999995)	(65, 50.3857)	(66, 49.947599999999994)	(67, 51.6239)	(68, 49.948100000000004)	(69, 50.752399999999994)	(70, 51.303)	(71, 50.139900000000004)	(72, 50.6999)	(73, 48.952400000000004)	(74, 49.736200000000004)	(75, 50.4851)	(76, 50.224000000000004)	(77, 49.0017)	(78, 49.9287)	(79, 49.6216)	(80, 49.254799999999996)	(81, 50.4324)	(82, 51.5714)	(83, 50.9042)	(84, 51.0841)	(85, 51.16309999999999)	(86, 49.3902)	(87, 51.94649999999999)	(88, 50.288999999999994)	(89, 49.383300000000006)	(90, 49.8556)	(91, 49.898900000000005)	(92, 49.9396)	(93, 50.9246)	(94, 51.3555)	(95, 49.7735)	(96, 51.0096)	(97, 51.3998)	(98, 50.439)	(99, 51.0572)	(100, 51.0506)	(101, 49.1893)	(102, 51.174699999999994)	(103, 50.421899999999994)	(104, 48.993700000000004)	(105, 50.68939999999999)	(106, 50.6819)	(107, 50.9467)	(108, 51.888)	(109, 50.4614)	(110, 50.41480000000001)	(111, 49.237199999999994)	(112, 50.3483)	(113, 51.118300000000005)	(114, 51.4707)	(115, 50.6283)	(116, 49.499900000000004)	(117, 51.208299999999994)	(118, 51.4983)	(119, 50.1901)	(120, 49.830799999999996)	(121, 51.1725)	(122, 50.958999999999996)	(123, 51.4764)	(124, 51.1138)	(125, 51.2676)	(126, 51.642500000000005)	(127, 49.8614)	(128, 50.3471)	(129, 50.3886)	(130, 51.790499999999994)	(131, 50.714499999999994)	(132, 51.62480000000001)	(133, 51.1053)	(134, 51.02870000000001)	(135, 52.2401)	(136, 51.64339999999999)	(137, 51.0532)	(138, 50.813399999999994)	(139, 50.843799999999995)	(140, 49.4236)	(141, 50.1138)	(142, 50.012299999999996)	(143, 48.8864)	(144, 48.2377)	(145, 50.891)	(146, 50.0424)	(147, 50.77589999999999)	(148, 50.0471)	(149, 50.183299999999996)	(150, 49.8622)
SRR16013072_1.fastq.gz_SRR16013072_2.fastq.gz	(1, 83.14099999999999)	(2, 50.4965)	(3, 56.0052)	(4, 48.9912)	(5, 46.5387)	(6, 46.8802)	(7, 39.9054)	(8, 47.9591)	(9, 45.7241)	(10, 45.2129)	(11, 57.024300000000004)	(12, 51.6613)	(13, 48.1092)	(14, 50.511700000000005)	(15, 50.610699999999994)	(16, 51.100100000000005)	(17, 51.0479)	(18, 51.311099999999996)	(19, 51.0794)	(20, 51.9539)	(21, 51.1382)	(22, 50.6923)	(23, 49.2447)	(24, 50.5617)	(25, 50.9903)	(26, 50.2235)	(27, 49.705799999999996)	(28, 51.90820000000001)	(29, 52.4901)	(30, 52.168099999999995)	(31, 53.5701)	(32, 51.6897)	(33, 52.2493)	(34, 51.085499999999996)	(35, 51.3537)	(36, 51.5185)	(37, 49.4245)	(38, 51.1831)	(39, 49.916199999999996)	(40, 51.5967)	(41, 49.3482)	(42, 48.0707)	(43, 48.9118)	(44, 47.9916)	(45, 48.192800000000005)	(46, 49.580999999999996)	(47, 48.9458)	(48, 48.1336)	(49, 50.1546)	(50, 49.5356)	(51, 51.1935)	(52, 52.668800000000005)	(53, 51.04729999999999)	(54, 50.5284)	(55, 51.515100000000004)	(56, 52.02870000000001)	(57, 50.165099999999995)	(58, 48.1744)	(59, 48.6716)	(60, 49.3874)	(61, 49.254599999999996)	(62, 49.0033)	(63, 50.082499999999996)	(64, 51.365)	(65, 50.6846)	(66, 50.6043)	(67, 53.445299999999996)	(68, 50.594300000000004)	(69, 51.544999999999995)	(70, 52.4713)	(71, 51.3988)	(72, 51.4119)	(73, 49.3758)	(74, 50.584799999999994)	(75, 50.6628)	(76, 50.304)	(77, 49.6589)	(78, 50.0606)	(79, 50.2968)	(80, 49.552800000000005)	(81, 50.72)	(82, 52.883599999999994)	(83, 51.667399999999994)	(84, 52.171800000000005)	(85, 52.18390000000001)	(86, 49.9215)	(87, 52.8624)	(88, 51.409099999999995)	(89, 49.9649)	(90, 50.7646)	(91, 49.735)	(92, 50.72370000000001)	(93, 50.6884)	(94, 51.959900000000005)	(95, 50.6446)	(96, 51.76539999999999)	(97, 53.0702)	(98, 51.479600000000005)	(99, 51.882)	(100, 51.8435)	(101, 49.5295)	(102, 51.3814)	(103, 50.99510000000001)	(104, 49.114799999999995)	(105, 51.157300000000006)	(106, 51.7288)	(107, 51.6605)	(108, 53.003)	(109, 51.064600000000006)	(110, 51.169200000000004)	(111, 48.7906)	(112, 50.4822)	(113, 51.7807)	(114, 51.9385)	(115, 51.413)	(116, 49.66)	(117, 51.108200000000004)	(118, 52.5111)	(119, 51.1817)	(120, 50.7551)	(121, 52.4212)	(122, 51.489700000000006)	(123, 52.8429)	(124, 52.454299999999996)	(125, 52.0664)	(126, 52.49700000000001)	(127, 50.285000000000004)	(128, 51.4238)	(129, 50.9749)	(130, 52.2691)	(131, 51.59010000000001)	(132, 52.437)	(133, 51.88549999999999)	(134, 52.2918)	(135, 53.1174)	(136, 52.009499999999996)	(137, 52.5613)	(138, 51.3353)	(139, 51.05420000000001)	(140, 49.215900000000005)	(141, 49.4676)	(142, 50.1826)	(143, 48.6255)	(144, 47.965999999999994)	(145, 51.1298)	(146, 50.5452)	(147, 50.8448)	(148, 50.098699999999994)	(149, 50.6331)	(150, 50.956)
SRR16013073_1.fastq.gz_SRR16013073_2.fastq.gz	(1, 83.231)	(2, 50.2783)	(3, 56.4527)	(4, 49.1719)	(5, 47.0946)	(6, 47.518899999999995)	(7, 40.1234)	(8, 48.343199999999996)	(9, 45.8218)	(10, 45.7524)	(11, 57.124900000000004)	(12, 52.331300000000006)	(13, 48.3718)	(14, 50.836999999999996)	(15, 51.28660000000001)	(16, 51.4574)	(17, 51.615)	(18, 51.519099999999995)	(19, 51.4629)	(20, 52.1241)	(21, 51.7384)	(22, 51.1609)	(23, 49.292)	(24, 50.83370000000001)	(25, 51.486)	(26, 50.8656)	(27, 50.106300000000005)	(28, 52.525200000000005)	(29, 53.188599999999994)	(30, 52.9649)	(31, 53.4404)	(32, 51.922999999999995)	(33, 52.8466)	(34, 51.5197)	(35, 51.7027)	(36, 52.1635)	(37, 49.891400000000004)	(38, 51.539199999999994)	(39, 50.4089)	(40, 52.42099999999999)	(41, 49.7327)	(42, 48.722)	(43, 49.1584)	(44, 47.8525)	(45, 48.442299999999996)	(46, 49.869400000000006)	(47, 48.9883)	(48, 48.5649)	(49, 50.4318)	(50, 49.8908)	(51, 51.8293)	(52, 53.239599999999996)	(53, 50.8143)	(54, 50.6903)	(55, 52.0558)	(56, 52.5558)	(57, 50.58089999999999)	(58, 48.2044)	(59, 48.8927)	(60, 49.8795)	(61, 49.284299999999995)	(62, 48.9945)	(63, 49.9009)	(64, 51.854)	(65, 51.3248)	(66, 51.2651)	(67, 54.1433)	(68, 50.8088)	(69, 52.2749)	(70, 53.18429999999999)	(71, 51.57000000000001)	(72, 51.541599999999995)	(73, 49.2436)	(74, 51.01369999999999)	(75, 51.122)	(76, 50.9538)	(77, 50.21489999999999)	(78, 50.598600000000005)	(79, 50.380100000000006)	(80, 49.865300000000005)	(81, 51.6224)	(82, 53.2118)	(83, 52.215500000000006)	(84, 52.7513)	(85, 52.8622)	(86, 50.4952)	(87, 53.7071)	(88, 51.9116)	(89, 49.8649)	(90, 51.6405)	(91, 49.8985)	(92, 51.4209)	(93, 51.1518)	(94, 52.408)	(95, 50.8002)	(96, 52.2071)	(97, 53.3123)	(98, 51.919000000000004)	(99, 52.554100000000005)	(100, 51.9728)	(101, 49.9516)	(102, 51.4606)	(103, 51.4718)	(104, 49.4914)	(105, 51.541199999999996)	(106, 51.4655)	(107, 51.917500000000004)	(108, 53.2416)	(109, 52.0054)	(110, 51.0691)	(111, 49.0313)	(112, 50.4591)	(113, 52.310199999999995)	(114, 52.7143)	(115, 51.4529)	(116, 49.5257)	(117, 51.4275)	(118, 52.898)	(119, 51.7814)	(120, 50.94030000000001)	(121, 52.4745)	(122, 52.5016)	(123, 53.13139999999999)	(124, 52.97730000000001)	(125, 52.7176)	(126, 53.228500000000004)	(127, 50.8138)	(128, 51.6009)	(129, 51.4645)	(130, 52.569500000000005)	(131, 51.7709)	(132, 52.9194)	(133, 51.9347)	(134, 52.6421)	(135, 53.8562)	(136, 52.1335)	(137, 52.902800000000006)	(138, 51.5381)	(139, 51.06230000000001)	(140, 49.3731)	(141, 49.4686)	(142, 50.585100000000004)	(143, 48.6468)	(144, 48.3473)	(145, 51.215599999999995)	(146, 50.573299999999996)	(147, 51.0263)	(148, 50.1834)	(149, 50.79169999999999)	(150, 50.9088)
SRR16013074_1.fastq.gz_SRR16013074_2.fastq.gz	(1, 83.7423)	(2, 50.50750000000001)	(3, 56.4618)	(4, 49.532199999999996)	(5, 46.987)	(6, 47.1083)	(7, 40.1942)	(8, 47.7846)	(9, 45.6829)	(10, 45.481)	(11, 57.436)	(12, 51.8402)	(13, 48.1057)	(14, 50.476600000000005)	(15, 51.0955)	(16, 51.2897)	(17, 51.666999999999994)	(18, 51.74100000000001)	(19, 51.6913)	(20, 51.970400000000005)	(21, 51.3316)	(22, 51.194799999999994)	(23, 49.1108)	(24, 50.7513)	(25, 51.295199999999994)	(26, 51.188199999999995)	(27, 50.385000000000005)	(28, 52.395199999999996)	(29, 53.0373)	(30, 52.9656)	(31, 53.717999999999996)	(32, 51.8381)	(33, 52.8478)	(34, 51.6523)	(35, 51.8162)	(36, 52.30669999999999)	(37, 49.931)	(38, 51.099700000000006)	(39, 50.777499999999996)	(40, 52.1306)	(41, 49.6865)	(42, 48.7372)	(43, 49.2979)	(44, 48.0151)	(45, 48.362100000000005)	(46, 49.8752)	(47, 48.8091)	(48, 48.0873)	(49, 50.4755)	(50, 49.984)	(51, 51.9421)	(52, 53.0768)	(53, 51.2213)	(54, 51.1088)	(55, 51.9393)	(56, 52.652)	(57, 50.300900000000006)	(58, 48.5577)	(59, 48.5417)	(60, 49.7547)	(61, 49.341499999999996)	(62, 49.227)	(63, 49.9379)	(64, 51.7263)	(65, 51.3276)	(66, 50.8313)	(67, 53.9987)	(68, 50.7602)	(69, 52.4415)	(70, 52.6659)	(71, 51.4115)	(72, 51.986900000000006)	(73, 49.6276)	(74, 50.2726)	(75, 51.565099999999994)	(76, 50.6846)	(77, 49.978)	(78, 50.243)	(79, 50.624199999999995)	(80, 49.5901)	(81, 51.179399999999994)	(82, 53.4547)	(83, 51.7509)	(84, 52.2046)	(85, 52.94799999999999)	(86, 50.1251)	(87, 53.5826)	(88, 51.4905)	(89, 49.8328)	(90, 51.058899999999994)	(91, 50.0936)	(92, 51.1672)	(93, 51.105999999999995)	(94, 52.718399999999995)	(95, 51.0807)	(96, 52.323600000000006)	(97, 53.4036)	(98, 51.6264)	(99, 52.1201)	(100, 52.03719999999999)	(101, 49.5361)	(102, 51.958400000000005)	(103, 51.47239999999999)	(104, 49.3804)	(105, 51.6668)	(106, 51.50789999999999)	(107, 51.9169)	(108, 53.2235)	(109, 51.97239999999999)	(110, 51.417699999999996)	(111, 49.2973)	(112, 50.3965)	(113, 52.42)	(114, 52.703500000000005)	(115, 51.4593)	(116, 49.5947)	(117, 51.4943)	(118, 53.2647)	(119, 51.7243)	(120, 50.97239999999999)	(121, 52.6321)	(122, 52.5929)	(123, 53.2505)	(124, 52.6014)	(125, 52.5624)	(126, 52.896)	(127, 50.822199999999995)	(128, 51.43450000000001)	(129, 51.077099999999994)	(130, 52.959199999999996)	(131, 51.845699999999994)	(132, 52.58239999999999)	(133, 52.3528)	(134, 52.0891)	(135, 53.919)	(136, 51.997899999999994)	(137, 52.6076)	(138, 52.3822)	(139, 51.6961)	(140, 48.9761)	(141, 49.8172)	(142, 50.3895)	(143, 48.7998)	(144, 48.2987)	(145, 50.9985)	(146, 50.341499999999996)	(147, 51.5629)	(148, 50.09479999999999)	(149, 51.344500000000004)	(150, 51.0236)
SRR16013082_1.fastq.gz_SRR16013082_2.fastq.gz	(1, 83.8485)	(2, 48.5704)	(3, 55.835)	(4, 48.8332)	(5, 45.4128)	(6, 45.2057)	(7, 38.136399999999995)	(8, 47.103699999999996)	(9, 44.817299999999996)	(10, 43.717600000000004)	(11, 54.8619)	(12, 50.96079999999999)	(13, 47.3515)	(14, 48.870799999999996)	(15, 49.4802)	(16, 49.561699999999995)	(17, 50.13999999999999)	(18, 50.5091)	(19, 49.9372)	(20, 50.169)	(21, 49.683)	(22, 49.5049)	(23, 48.0704)	(24, 49.2667)	(25, 49.9147)	(26, 49.053200000000004)	(27, 48.9437)	(28, 50.6883)	(29, 50.45119999999999)	(30, 50.7011)	(31, 51.261199999999995)	(32, 49.9222)	(33, 51.0568)	(34, 49.5837)	(35, 49.6454)	(36, 50.1663)	(37, 49.1084)	(38, 49.9839)	(39, 49.440400000000004)	(40, 50.205)	(41, 48.269600000000004)	(42, 48.0169)	(43, 48.6306)	(44, 47.0079)	(45, 47.767199999999995)	(46, 48.6379)	(47, 48.1194)	(48, 47.8564)	(49, 49.2002)	(50, 48.534)	(51, 50.677499999999995)	(52, 51.005100000000006)	(53, 49.2429)	(54, 49.850699999999996)	(55, 49.8464)	(56, 50.5602)	(57, 49.518699999999995)	(58, 48.1738)	(59, 48.314099999999996)	(60, 48.4492)	(61, 48.3627)	(62, 48.328900000000004)	(63, 49.2667)	(64, 50.6545)	(65, 49.6689)	(66, 49.4861)	(67, 51.487300000000005)	(68, 48.9794)	(69, 50.51520000000001)	(70, 50.7699)	(71, 49.5991)	(72, 50.5408)	(73, 48.5721)	(74, 49.3639)	(75, 49.9262)	(76, 49.1968)	(77, 48.8759)	(78, 49.532199999999996)	(79, 49.2501)	(80, 48.448)	(81, 49.6339)	(82, 51.0879)	(83, 50.329800000000006)	(84, 51.0889)	(85, 50.5166)	(86, 48.7288)	(87, 51.178999999999995)	(88, 49.5575)	(89, 48.8891)	(90, 49.3267)	(91, 49.345099999999995)	(92, 49.725)	(93, 50.1705)	(94, 49.7388)	(95, 48.8425)	(96, 50.665000000000006)	(97, 50.862300000000005)	(98, 49.966100000000004)	(99, 50.5217)	(100, 50.4289)	(101, 49.235800000000005)	(102, 50.385000000000005)	(103, 49.4182)	(104, 48.2224)	(105, 49.7986)	(106, 50.0735)	(107, 50.565099999999994)	(108, 50.970800000000004)	(109, 49.777)	(110, 49.8556)	(111, 48.7858)	(112, 49.349900000000005)	(113, 50.527100000000004)	(114, 50.7826)	(115, 50.2858)	(116, 48.4819)	(117, 50.2727)	(118, 50.9885)	(119, 49.9863)	(120, 49.839)	(121, 50.955600000000004)	(122, 50.5144)	(123, 51.4644)	(124, 50.775000000000006)	(125, 50.7713)	(126, 51.2936)	(127, 49.316500000000005)	(128, 49.8004)	(129, 50.147200000000005)	(130, 50.922900000000006)	(131, 49.9907)	(132, 50.676100000000005)	(133, 49.769600000000004)	(134, 50.2329)	(135, 51.9154)	(136, 50.2325)	(137, 50.746)	(138, 50.2528)	(139, 50.077799999999996)	(140, 48.1359)	(141, 49.542199999999994)	(142, 49.196200000000005)	(143, 47.8879)	(144, 47.7247)	(145, 49.7339)	(146, 49.7736)	(147, 49.9807)	(148, 49.0414)	(149, 50.1927)	(150, 49.837900000000005)
SRR16013083_1.fastq.gz_SRR16013083_2.fastq.gz	(1, 84.2032)	(2, 48.6545)	(3, 56.3867)	(4, 48.5404)	(5, 46.1828)	(6, 45.9449)	(7, 38.2073)	(8, 47.4577)	(9, 44.7091)	(10, 43.7067)	(11, 55.3778)	(12, 51.312999999999995)	(13, 47.8519)	(14, 48.6892)	(15, 50.265)	(16, 50.01409999999999)	(17, 50.642900000000004)	(18, 50.2161)	(19, 50.256299999999996)	(20, 50.4572)	(21, 50.526700000000005)	(22, 49.7861)	(23, 48.699)	(24, 49.7752)	(25, 50.3834)	(26, 49.5037)	(27, 49.5471)	(28, 50.7482)	(29, 51.1251)	(30, 51.175000000000004)	(31, 51.553000000000004)	(32, 50.375800000000005)	(33, 51.5069)	(34, 50.15579999999999)	(35, 50.41870000000001)	(36, 50.61639999999999)	(37, 49.35)	(38, 50.172700000000006)	(39, 49.4537)	(40, 50.80050000000001)	(41, 48.776399999999995)	(42, 48.25)	(43, 48.3608)	(44, 47.5677)	(45, 48.3997)	(46, 48.985800000000005)	(47, 48.1762)	(48, 48.056)	(49, 49.3529)	(50, 48.6502)	(51, 50.997899999999994)	(52, 51.219300000000004)	(53, 49.7564)	(54, 49.7477)	(55, 50.543800000000005)	(56, 51.062799999999996)	(57, 49.9929)	(58, 48.1088)	(59, 48.4916)	(60, 48.5167)	(61, 48.709)	(62, 48.8463)	(63, 49.1566)	(64, 50.819199999999995)	(65, 49.6384)	(66, 50.1331)	(67, 51.8152)	(68, 49.176199999999994)	(69, 51.403200000000005)	(70, 50.9616)	(71, 50.3142)	(72, 50.7925)	(73, 48.5599)	(74, 49.3735)	(75, 50.364)	(76, 49.6162)	(77, 48.9462)	(78, 49.3801)	(79, 49.670500000000004)	(80, 49.0099)	(81, 50.0755)	(82, 51.7987)	(83, 50.7892)	(84, 51.2252)	(85, 51.0929)	(86, 49.2061)	(87, 51.5282)	(88, 50.4648)	(89, 49.1559)	(90, 49.5929)	(91, 49.613)	(92, 49.8583)	(93, 50.4591)	(94, 51.187000000000005)	(95, 49.6845)	(96, 50.4691)	(97, 51.43990000000001)	(98, 50.3248)	(99, 50.6653)	(100, 50.8084)	(101, 49.331)	(102, 50.9629)	(103, 49.954)	(104, 48.6504)	(105, 50.2185)	(106, 50.5128)	(107, 50.9832)	(108, 51.344199999999994)	(109, 50.4083)	(110, 49.7392)	(111, 49.0597)	(112, 50.0407)	(113, 50.753)	(114, 51.174699999999994)	(115, 50.577799999999996)	(116, 48.8709)	(117, 50.8593)	(118, 51.5419)	(119, 50.1993)	(120, 49.871300000000005)	(121, 51.4505)	(122, 50.8548)	(123, 51.8579)	(124, 50.5418)	(125, 50.9162)	(126, 51.7405)	(127, 49.9094)	(128, 50.4338)	(129, 50.6335)	(130, 51.7346)	(131, 50.4209)	(132, 51.2826)	(133, 50.8424)	(134, 50.672799999999995)	(135, 51.9396)	(136, 50.8621)	(137, 51.518699999999995)	(138, 50.6671)	(139, 50.2521)	(140, 48.8215)	(141, 50.251999999999995)	(142, 49.5608)	(143, 48.2447)	(144, 48.3589)	(145, 50.137299999999996)	(146, 50.1762)	(147, 50.6509)	(148, 49.6116)	(149, 50.416799999999995)	(150, 49.8981)
SRR16013084_1.fastq.gz_SRR16013084_2.fastq.gz	(1, 83.9419)	(2, 48.6976)	(3, 56.24400000000001)	(4, 49.005900000000004)	(5, 45.9559)	(6, 46.0884)	(7, 38.0436)	(8, 47.1145)	(9, 44.699600000000004)	(10, 44.0688)	(11, 55.265600000000006)	(12, 51.515299999999996)	(13, 47.8669)	(14, 49.0287)	(15, 50.2112)	(16, 50.0418)	(17, 50.536899999999996)	(18, 50.6401)	(19, 50.36429999999999)	(20, 50.4696)	(21, 50.6325)	(22, 50.178599999999996)	(23, 48.6726)	(24, 49.835499999999996)	(25, 49.8225)	(26, 49.9311)	(27, 49.4196)	(28, 50.955)	(29, 51.12)	(30, 51.654199999999996)	(31, 51.9137)	(32, 50.706300000000006)	(33, 51.4664)	(34, 50.2248)	(35, 50.6298)	(36, 50.961)	(37, 48.8636)	(38, 50.109700000000004)	(39, 49.6726)	(40, 50.6961)	(41, 48.6549)	(42, 48.4055)	(43, 48.557)	(44, 47.5952)	(45, 48.2506)	(46, 49.126599999999996)	(47, 48.5143)	(48, 48.3008)	(49, 49.046)	(50, 48.8824)	(51, 51.078100000000006)	(52, 51.2776)	(53, 50.045700000000004)	(54, 50.193)	(55, 50.4328)	(56, 51.4992)	(57, 49.8869)	(58, 48.1892)	(59, 48.208)	(60, 48.9546)	(61, 48.7388)	(62, 48.849599999999995)	(63, 49.64)	(64, 50.7426)	(65, 50.075199999999995)	(66, 49.876799999999996)	(67, 52.4265)	(68, 49.2427)	(69, 51.428700000000006)	(70, 51.0126)	(71, 50.484300000000005)	(72, 51.0204)	(73, 48.6618)	(74, 49.511500000000005)	(75, 50.3208)	(76, 49.9681)	(77, 49.0867)	(78, 49.3556)	(79, 49.284800000000004)	(80, 48.9565)	(81, 50.4317)	(82, 51.70099999999999)	(83, 50.936499999999995)	(84, 51.4741)	(85, 51.0578)	(86, 49.2306)	(87, 51.926)	(88, 50.222199999999994)	(89, 49.6726)	(90, 49.9801)	(91, 49.5891)	(92, 50.2598)	(93, 50.8924)	(94, 50.9985)	(95, 49.7492)	(96, 50.651500000000006)	(97, 51.2019)	(98, 50.4182)	(99, 50.94610000000001)	(100, 51.0818)	(101, 49.4474)	(102, 50.996399999999994)	(103, 50.1505)	(104, 48.493)	(105, 50.4143)	(106, 50.3359)	(107, 51.0645)	(108, 51.55459999999999)	(109, 50.438700000000004)	(110, 50.1733)	(111, 49.0981)	(112, 49.6481)	(113, 50.7541)	(114, 51.3099)	(115, 50.6209)	(116, 48.8301)	(117, 50.8525)	(118, 51.4764)	(119, 50.49979999999999)	(120, 49.9844)	(121, 51.059200000000004)	(122, 50.82640000000001)	(123, 51.856500000000004)	(124, 50.887800000000006)	(125, 51.1667)	(126, 51.547200000000004)	(127, 49.7719)	(128, 50.6206)	(129, 50.0784)	(130, 51.703500000000005)	(131, 50.14229999999999)	(132, 51.3107)	(133, 50.3051)	(134, 50.9814)	(135, 51.9868)	(136, 51.19709999999999)	(137, 51.2089)	(138, 50.153800000000004)	(139, 50.5265)	(140, 49.0172)	(141, 49.6456)	(142, 49.6044)	(143, 48.497)	(144, 48.166799999999995)	(145, 49.9467)	(146, 49.9946)	(147, 50.7451)	(148, 48.8588)	(149, 50.161699999999996)	(150, 49.9491)
SRR16013090_1.fastq.gz_SRR16013090_2.fastq.gz	(1, 84.2202)	(2, 53.43560000000001)	(3, 54.3042)	(4, 49.8366)	(5, 46.815)	(6, 47.7645)	(7, 41.0665)	(8, 47.7714)	(9, 45.243100000000005)	(10, 47.0322)	(11, 57.40769999999999)	(12, 52.436499999999995)	(13, 48.4067)	(14, 50.8853)	(15, 52.847699999999996)	(16, 51.65689999999999)	(17, 52.0011)	(18, 52.4919)	(19, 51.0436)	(20, 52.06229999999999)	(21, 52.2598)	(22, 51.5067)	(23, 50.023700000000005)	(24, 51.7493)	(25, 50.977700000000006)	(26, 51.5044)	(27, 50.4637)	(28, 52.33370000000001)	(29, 53.6412)	(30, 52.6548)	(31, 54.5236)	(32, 52.578)	(33, 53.0828)	(34, 52.5053)	(35, 52.3632)	(36, 52.4983)	(37, 49.7736)	(38, 51.1585)	(39, 50.9911)	(40, 52.1278)	(41, 50.004599999999996)	(42, 48.2315)	(43, 49.6875)	(44, 48.503299999999996)	(45, 47.5113)	(46, 49.7955)	(47, 49.6291)	(48, 48.1314)	(49, 50.7454)	(50, 49.806400000000004)	(51, 52.4253)	(52, 52.955600000000004)	(53, 51.8506)	(54, 51.83069999999999)	(55, 51.5182)	(56, 53.4616)	(57, 51.0937)	(58, 47.9643)	(59, 49.0354)	(60, 49.331)	(61, 49.825)	(62, 49.7142)	(63, 50.1259)	(64, 52.2405)	(65, 51.6837)	(66, 51.134)	(67, 53.8142)	(68, 51.1923)	(69, 53.02590000000001)	(70, 53.042100000000005)	(71, 52.1393)	(72, 52.483000000000004)	(73, 49.1076)	(74, 50.7201)	(75, 51.6571)	(76, 51.2853)	(77, 50.3958)	(78, 49.7256)	(79, 50.828399999999995)	(80, 50.1648)	(81, 51.424800000000005)	(82, 53.8307)	(83, 52.1441)	(84, 53.319700000000005)	(85, 53.2041)	(86, 49.9396)	(87, 53.61359999999999)	(88, 52.4138)	(89, 50.117)	(90, 51.46849999999999)	(91, 49.965900000000005)	(92, 51.5182)	(93, 51.8008)	(94, 52.4253)	(95, 50.44)	(96, 53.35339999999999)	(97, 53.7615)	(98, 51.9147)	(99, 52.546800000000005)	(100, 52.467600000000004)	(101, 50.0652)	(102, 51.5193)	(103, 52.187)	(104, 50.5302)	(105, 51.8765)	(106, 52.2427)	(107, 51.955799999999996)	(108, 53.5261)	(109, 52.555600000000005)	(110, 51.367799999999995)	(111, 49.518)	(112, 50.6331)	(113, 52.512)	(114, 53.57769999999999)	(115, 51.3039)	(116, 50.2887)	(117, 53.421099999999996)	(118, 52.8014)	(119, 51.9572)	(120, 51.4652)	(121, 52.392399999999995)	(122, 53.24719999999999)	(123, 53.7222)	(124, 52.5655)	(125, 53.0887)	(126, 52.9021)	(127, 51.32449999999999)	(128, 51.5831)	(129, 51.5697)	(130, 53.6053)	(131, 51.576699999999995)	(132, 53.2755)	(133, 52.2879)	(134, 53.0716)	(135, 54.8907)	(136, 52.0221)	(137, 52.103100000000005)	(138, 52.608900000000006)	(139, 51.535799999999995)	(140, 50.4246)	(141, 49.919599999999996)	(142, 51.354699999999994)	(143, 50.0359)	(144, 47.869099999999996)	(145, 52.09049999999999)	(146, 51.557900000000004)	(147, 51.6258)	(148, 50.8338)	(149, 52.5188)	(150, 51.424800000000005)
