Sample	0	1	2	3	4	5	6	7	8	9	10	11	12	13	14	15	16	17	18	19	20	21	22	23	24	25	26	27	28	29	30	31	32	33	34	35	36	37	38	39	40	41	42	43	44	45	46	47	48	49	50	51	52	53	54	55	56	57	58	59	60	61	62	63	64	65	66	67	68	69	70	71	72	73	74	75	76	77	78	79	80	81	82	83	84	85	86	87	88	89	90	91	92	93	94	95	96	97	98	99	100	101	102	103	104	105	106	107	108	109	110	111	112	113	114	115	116	117	118	119	120	121	122	123	124	125	126	127	128	129	130	131	132	133	134	135	136	137	138	139	140	141	142	143	144	145	146	147	148	149
SRR16013048_1.fastq.gz_SRR16013048_2.fastq.gz	(1, 36.4653)	(2, 36.558)	(3, 36.6313)	(4, 36.6378)	(5, 36.679)	(6, 36.6373)	(7, 36.6291)	(8, 36.6691)	(9, 36.6805)	(10, 36.655)	(11, 36.7042)	(12, 36.6964)	(13, 36.6605)	(14, 36.6696)	(15, 36.7075)	(16, 36.6886)	(17, 36.6964)	(18, 36.6852)	(19, 36.6518)	(20, 36.6841)	(21, 36.6698)	(22, 36.645)	(23, 36.6345)	(24, 36.6272)	(25, 36.6087)	(26, 36.5939)	(27, 36.6007)	(28, 36.6133)	(29, 36.5984)	(30, 36.6202)	(31, 36.5922)	(32, 36.6206)	(33, 36.6088)	(34, 36.5772)	(35, 36.596)	(36, 36.6078)	(37, 36.5901)	(38, 36.5585)	(39, 36.5645)	(40, 36.5946)	(41, 36.5392)	(42, 36.5229)	(43, 36.4853)	(44, 36.5362)	(45, 36.5291)	(46, 36.5307)	(47, 36.566)	(48, 36.5465)	(49, 36.5468)	(50, 36.5485)	(51, 36.5414)	(52, 36.5512)	(53, 36.553)	(54, 36.5351)	(55, 36.5579)	(56, 36.5393)	(57, 36.5481)	(58, 36.5282)	(59, 36.5212)	(60, 36.5259)	(61, 36.4795)	(62, 36.4979)	(63, 36.4909)	(64, 36.5345)	(65, 36.4651)	(66, 36.4931)	(67, 36.4711)	(68, 36.4551)	(69, 36.4525)	(70, 36.4678)	(71, 36.4765)	(72, 36.4589)	(73, 36.4557)	(74, 36.4485)	(75, 36.4418)	(76, 36.4826)	(77, 36.4365)	(78, 36.4539)	(79, 36.4744)	(80, 36.4742)	(81, 36.4203)	(82, 36.4757)	(83, 36.4509)	(84, 36.4537)	(85, 36.4698)	(86, 36.4512)	(87, 36.458)	(88, 36.4531)	(89, 36.4211)	(90, 36.3914)	(91, 36.3826)	(92, 36.4087)	(93, 36.3795)	(94, 36.4145)	(95, 36.3345)	(96, 36.381)	(97, 36.4105)	(98, 36.3793)	(99, 36.4036)	(100, 36.3971)	(101, 36.3691)	(102, 36.3508)	(103, 36.3462)	(104, 36.3403)	(105, 36.3687)	(106, 36.3429)	(107, 36.3775)	(108, 36.3621)	(109, 36.3674)	(110, 36.3709)	(111, 36.3483)	(112, 36.2643)	(113, 36.3347)	(114, 36.3266)	(115, 36.3064)	(116, 36.3123)	(117, 36.3003)	(118, 36.3185)	(119, 36.382)	(120, 36.3444)	(121, 36.3158)	(122, 36.2914)	(123, 36.3264)	(124, 36.3035)	(125, 36.2701)	(126, 36.3094)	(127, 36.2756)	(128, 36.2901)	(129, 36.3216)	(130, 36.3091)	(131, 36.303)	(132, 36.2978)	(133, 36.2977)	(134, 36.2629)	(135, 36.2897)	(136, 36.2704)	(137, 36.2553)	(138, 36.2673)	(139, 36.2153)	(140, 36.2327)	(141, 36.1702)	(142, 36.0662)	(143, 36.1469)	(144, 36.053)	(145, 36.1652)	(146, 36.229)	(147, 36.2164)	(148, 36.1138)	(149, 36.1594)	(150, 36.1794)
SRR16013050_1.fastq.gz_SRR16013050_2.fastq.gz	(1, 36.4947)	(2, 36.543)	(3, 36.6429)	(4, 36.659)	(5, 36.6775)	(6, 36.6408)	(7, 36.6496)	(8, 36.7043)	(9, 36.7013)	(10, 36.6633)	(11, 36.7412)	(12, 36.7179)	(13, 36.678)	(14, 36.688)	(15, 36.7169)	(16, 36.6931)	(17, 36.7126)	(18, 36.6985)	(19, 36.675)	(20, 36.6982)	(21, 36.7005)	(22, 36.6637)	(23, 36.6444)	(24, 36.6481)	(25, 36.6322)	(26, 36.6429)	(27, 36.6176)	(28, 36.6277)	(29, 36.6273)	(30, 36.6105)	(31, 36.6247)	(32, 36.6182)	(33, 36.6265)	(34, 36.5888)	(35, 36.6223)	(36, 36.6166)	(37, 36.6161)	(38, 36.5794)	(39, 36.6016)	(40, 36.5992)	(41, 36.5587)	(42, 36.5528)	(43, 36.5564)	(44, 36.5792)	(45, 36.54)	(46, 36.5552)	(47, 36.5717)	(48, 36.5693)	(49, 36.5809)	(50, 36.5764)	(51, 36.565)	(52, 36.5867)	(53, 36.5887)	(54, 36.5516)	(55, 36.5739)	(56, 36.5671)	(57, 36.5694)	(58, 36.5544)	(59, 36.5541)	(60, 36.5404)	(61, 36.4921)	(62, 36.513)	(63, 36.4931)	(64, 36.5305)	(65, 36.4787)	(66, 36.4901)	(67, 36.473)	(68, 36.4791)	(69, 36.4667)	(70, 36.4843)	(71, 36.4784)	(72, 36.4862)	(73, 36.4581)	(74, 36.47)	(75, 36.4428)	(76, 36.4828)	(77, 36.4625)	(78, 36.464)	(79, 36.4991)	(80, 36.4785)	(81, 36.4435)	(82, 36.4702)	(83, 36.4792)	(84, 36.4783)	(85, 36.4618)	(86, 36.4432)	(87, 36.4513)	(88, 36.4537)	(89, 36.4074)	(90, 36.4009)	(91, 36.379)	(92, 36.4195)	(93, 36.3962)	(94, 36.3763)	(95, 36.3284)	(96, 36.4038)	(97, 36.3897)	(98, 36.3712)	(99, 36.3954)	(100, 36.3924)	(101, 36.3692)	(102, 36.3568)	(103, 36.3566)	(104, 36.3422)	(105, 36.3617)	(106, 36.377)	(107, 36.3557)	(108, 36.3817)	(109, 36.3608)	(110, 36.3743)	(111, 36.3448)	(112, 36.2842)	(113, 36.3231)	(114, 36.3383)	(115, 36.3099)	(116, 36.3243)	(117, 36.2966)	(118, 36.3408)	(119, 36.3604)	(120, 36.3441)	(121, 36.3336)	(122, 36.2946)	(123, 36.3232)	(124, 36.2949)	(125, 36.286)	(126, 36.3273)	(127, 36.3026)	(128, 36.3008)	(129, 36.3181)	(130, 36.3144)	(131, 36.2994)	(132, 36.3164)	(133, 36.3006)	(134, 36.2714)	(135, 36.2646)	(136, 36.2717)	(137, 36.2925)	(138, 36.265)	(139, 36.2124)	(140, 36.263)	(141, 36.2146)	(142, 36.0822)	(143, 36.1633)	(144, 36.0685)	(145, 36.2007)	(146, 36.2347)	(147, 36.2461)	(148, 36.1077)	(149, 36.1571)	(150, 36.1966)
SRR16013054_1.fastq.gz_SRR16013054_2.fastq.gz	(1, 36.4836)	(2, 36.5727)	(3, 36.6647)	(4, 36.677)	(5, 36.6946)	(6, 36.6614)	(7, 36.6433)	(8, 36.6823)	(9, 36.6949)	(10, 36.649)	(11, 36.7251)	(12, 36.6998)	(13, 36.6671)	(14, 36.6832)	(15, 36.6991)	(16, 36.7035)	(17, 36.6992)	(18, 36.7019)	(19, 36.6617)	(20, 36.6864)	(21, 36.6743)	(22, 36.6655)	(23, 36.6446)	(24, 36.6341)	(25, 36.6411)	(26, 36.6218)	(27, 36.6197)	(28, 36.6167)	(29, 36.6305)	(30, 36.5979)	(31, 36.6276)	(32, 36.6304)	(33, 36.6288)	(34, 36.5995)	(35, 36.6208)	(36, 36.6343)	(37, 36.6188)	(38, 36.5754)	(39, 36.6022)	(40, 36.5754)	(41, 36.5549)	(42, 36.5401)	(43, 36.5163)	(44, 36.5627)	(45, 36.5222)	(46, 36.5633)	(47, 36.5724)	(48, 36.5612)	(49, 36.5666)	(50, 36.5783)	(51, 36.5531)	(52, 36.5773)	(53, 36.5584)	(54, 36.5433)	(55, 36.5564)	(56, 36.5697)	(57, 36.5562)	(58, 36.5315)	(59, 36.5419)	(60, 36.5252)	(61, 36.4913)	(62, 36.5151)	(63, 36.4987)	(64, 36.5387)	(65, 36.4807)	(66, 36.5043)	(67, 36.4717)	(68, 36.4954)	(69, 36.4513)	(70, 36.4654)	(71, 36.468)	(72, 36.475)	(73, 36.4339)	(74, 36.4632)	(75, 36.4275)	(76, 36.4678)	(77, 36.4577)	(78, 36.4718)	(79, 36.4858)	(80, 36.4801)	(81, 36.4339)	(82, 36.4985)	(83, 36.4835)	(84, 36.4641)	(85, 36.4613)	(86, 36.4364)	(87, 36.4604)	(88, 36.4621)	(89, 36.4139)	(90, 36.3993)	(91, 36.3816)	(92, 36.4167)	(93, 36.4081)	(94, 36.3712)	(95, 36.3234)	(96, 36.3966)	(97, 36.4155)	(98, 36.3483)	(99, 36.3997)	(100, 36.3841)	(101, 36.3936)	(102, 36.3488)	(103, 36.3463)	(104, 36.3463)	(105, 36.3446)	(106, 36.3651)	(107, 36.3498)	(108, 36.3754)	(109, 36.3531)	(110, 36.3794)	(111, 36.3163)	(112, 36.2898)	(113, 36.3127)	(114, 36.3544)	(115, 36.3319)	(116, 36.3253)	(117, 36.3017)	(118, 36.3489)	(119, 36.3603)	(120, 36.3659)	(121, 36.2999)	(122, 36.3051)	(123, 36.3053)	(124, 36.3087)	(125, 36.2872)	(126, 36.3123)	(127, 36.3166)	(128, 36.2954)	(129, 36.2764)	(130, 36.3283)	(131, 36.3025)	(132, 36.3133)	(133, 36.3026)	(134, 36.2719)	(135, 36.263)	(136, 36.2683)	(137, 36.2848)	(138, 36.2298)	(139, 36.2213)	(140, 36.2459)	(141, 36.2138)	(142, 36.0726)	(143, 36.1523)	(144, 36.0826)	(145, 36.1491)	(146, 36.2024)	(147, 36.2404)	(148, 36.1054)	(149, 36.1555)	(150, 36.1999)
SRR16013056_1.fastq.gz_SRR16013056_2.fastq.gz	(1, 36.519)	(2, 36.5835)	(3, 36.6571)	(4, 36.6659)	(5, 36.7061)	(6, 36.6572)	(7, 36.6541)	(8, 36.6991)	(9, 36.71)	(10, 36.6558)	(11, 36.7329)	(12, 36.7361)	(13, 36.6911)	(14, 36.705)	(15, 36.7192)	(16, 36.7076)	(17, 36.7209)	(18, 36.7045)	(19, 36.6761)	(20, 36.6912)	(21, 36.6985)	(22, 36.6696)	(23, 36.6626)	(24, 36.6492)	(25, 36.6277)	(26, 36.6322)	(27, 36.6102)	(28, 36.6333)	(29, 36.6231)	(30, 36.6376)	(31, 36.6271)	(32, 36.656)	(33, 36.6343)	(34, 36.6252)	(35, 36.6266)	(36, 36.6317)	(37, 36.6309)	(38, 36.5787)	(39, 36.6055)	(40, 36.6002)	(41, 36.5721)	(42, 36.5646)	(43, 36.5311)	(44, 36.5691)	(45, 36.5382)	(46, 36.5668)	(47, 36.5799)	(48, 36.5727)	(49, 36.5732)	(50, 36.5834)	(51, 36.5914)	(52, 36.5915)	(53, 36.5834)	(54, 36.5698)	(55, 36.5825)	(56, 36.5636)	(57, 36.5773)	(58, 36.5536)	(59, 36.5723)	(60, 36.5765)	(61, 36.52)	(62, 36.5472)	(63, 36.514)	(64, 36.5459)	(65, 36.4929)	(66, 36.5204)	(67, 36.493)	(68, 36.4895)	(69, 36.4726)	(70, 36.4959)	(71, 36.4973)	(72, 36.509)	(73, 36.4958)	(74, 36.4898)	(75, 36.4559)	(76, 36.5129)	(77, 36.476)	(78, 36.4981)	(79, 36.5106)	(80, 36.5061)	(81, 36.4785)	(82, 36.5124)	(83, 36.498)	(84, 36.497)	(85, 36.505)	(86, 36.4966)	(87, 36.5029)	(88, 36.4965)	(89, 36.447)	(90, 36.4415)	(91, 36.4159)	(92, 36.4683)	(93, 36.4274)	(94, 36.43)	(95, 36.3831)	(96, 36.4517)	(97, 36.4436)	(98, 36.4038)	(99, 36.4392)	(100, 36.4562)	(101, 36.4225)	(102, 36.4076)	(103, 36.3866)	(104, 36.3952)	(105, 36.3967)	(106, 36.4076)	(107, 36.4109)	(108, 36.414)	(109, 36.4063)	(110, 36.4173)	(111, 36.3846)	(112, 36.3388)	(113, 36.3797)	(114, 36.3817)	(115, 36.3555)	(116, 36.3815)	(117, 36.3512)	(118, 36.3783)	(119, 36.4029)	(120, 36.3775)	(121, 36.3743)	(122, 36.3466)	(123, 36.3462)	(124, 36.3491)	(125, 36.3025)	(126, 36.3445)	(127, 36.3469)	(128, 36.3118)	(129, 36.3448)	(130, 36.3468)	(131, 36.3617)	(132, 36.3747)	(133, 36.3236)	(134, 36.3316)	(135, 36.3367)	(136, 36.3062)	(137, 36.301)	(138, 36.292)	(139, 36.2327)	(140, 36.2715)	(141, 36.244)	(142, 36.0859)	(143, 36.2172)	(144, 36.1235)	(145, 36.1873)	(146, 36.2432)	(147, 36.258)	(148, 36.155)	(149, 36.1927)	(150, 36.2498)
SRR16013070_1.fastq.gz_SRR16013070_2.fastq.gz	(1, 36.4675)	(2, 36.5712)	(3, 36.6367)	(4, 36.64)	(5, 36.6891)	(6, 36.6362)	(7, 36.6283)	(8, 36.6682)	(9, 36.6951)	(10, 36.6442)	(11, 36.7224)	(12, 36.6999)	(13, 36.676)	(14, 36.6831)	(15, 36.6976)	(16, 36.6924)	(17, 36.6966)	(18, 36.71)	(19, 36.6566)	(20, 36.6836)	(21, 36.6936)	(22, 36.6513)	(23, 36.6376)	(24, 36.6308)	(25, 36.6223)	(26, 36.5981)	(27, 36.5991)	(28, 36.6232)	(29, 36.6184)	(30, 36.6031)	(31, 36.608)	(32, 36.6351)	(33, 36.6172)	(34, 36.6033)	(35, 36.6165)	(36, 36.6159)	(37, 36.607)	(38, 36.5539)	(39, 36.5823)	(40, 36.5923)	(41, 36.5307)	(42, 36.5249)	(43, 36.4957)	(44, 36.545)	(45, 36.5198)	(46, 36.5403)	(47, 36.5764)	(48, 36.5363)	(49, 36.5733)	(50, 36.5692)	(51, 36.5645)	(52, 36.592)	(53, 36.5745)	(54, 36.5427)	(55, 36.5718)	(56, 36.5466)	(57, 36.5523)	(58, 36.5402)	(59, 36.5368)	(60, 36.545)	(61, 36.5063)	(62, 36.5075)	(63, 36.49)	(64, 36.5431)	(65, 36.4783)	(66, 36.5045)	(67, 36.4677)	(68, 36.4573)	(69, 36.4507)	(70, 36.4701)	(71, 36.4734)	(72, 36.4882)	(73, 36.4473)	(74, 36.4535)	(75, 36.4499)	(76, 36.4747)	(77, 36.4576)	(78, 36.4716)	(79, 36.4734)	(80, 36.4837)	(81, 36.4242)	(82, 36.4883)	(83, 36.473)	(84, 36.4855)	(85, 36.4459)	(86, 36.4561)	(87, 36.477)	(88, 36.4633)	(89, 36.4273)	(90, 36.4145)	(91, 36.4086)	(92, 36.4415)	(93, 36.4025)	(94, 36.4079)	(95, 36.336)	(96, 36.3963)	(97, 36.419)	(98, 36.3981)	(99, 36.4097)	(100, 36.4245)	(101, 36.399)	(102, 36.3852)	(103, 36.3384)	(104, 36.3603)	(105, 36.3657)	(106, 36.4002)	(107, 36.3696)	(108, 36.4172)	(109, 36.3755)	(110, 36.3723)	(111, 36.353)	(112, 36.3197)	(113, 36.3528)	(114, 36.3772)	(115, 36.3517)	(116, 36.3327)	(117, 36.3328)	(118, 36.3682)	(119, 36.3799)	(120, 36.3545)	(121, 36.3324)	(122, 36.2963)	(123, 36.3432)	(124, 36.322)	(125, 36.2845)	(126, 36.3114)	(127, 36.3025)	(128, 36.2944)	(129, 36.3248)	(130, 36.3222)	(131, 36.3288)	(132, 36.3141)	(133, 36.31)	(134, 36.3142)	(135, 36.3073)	(136, 36.2786)	(137, 36.2988)	(138, 36.2438)	(139, 36.2161)	(140, 36.2514)	(141, 36.2249)	(142, 36.1206)	(143, 36.1567)	(144, 36.0962)	(145, 36.1879)	(146, 36.229)	(147, 36.2439)	(148, 36.1266)	(149, 36.1817)	(150, 36.2237)
SRR16013072_1.fastq.gz_SRR16013072_2.fastq.gz	(1, 36.5524)	(2, 36.5989)	(3, 36.672)	(4, 36.6619)	(5, 36.6844)	(6, 36.6333)	(7, 36.647)	(8, 36.692)	(9, 36.7011)	(10, 36.6604)	(11, 36.7231)	(12, 36.7195)	(13, 36.6835)	(14, 36.6958)	(15, 36.7059)	(16, 36.7072)	(17, 36.7087)	(18, 36.6984)	(19, 36.6594)	(20, 36.6938)	(21, 36.6878)	(22, 36.6622)	(23, 36.6469)	(24, 36.64)	(25, 36.6082)	(26, 36.6201)	(27, 36.6082)	(28, 36.6085)	(29, 36.6291)	(30, 36.6131)	(31, 36.6027)	(32, 36.6333)	(33, 36.6003)	(34, 36.5909)	(35, 36.6039)	(36, 36.6055)	(37, 36.6126)	(38, 36.5541)	(39, 36.579)	(40, 36.5502)	(41, 36.528)	(42, 36.4911)	(43, 36.4392)	(44, 36.507)	(45, 36.4822)	(46, 36.5348)	(47, 36.5669)	(48, 36.5344)	(49, 36.5613)	(50, 36.546)	(51, 36.5787)	(52, 36.5499)	(53, 36.5741)	(54, 36.567)	(55, 36.5625)	(56, 36.5678)	(57, 36.5627)	(58, 36.5531)	(59, 36.559)	(60, 36.5468)	(61, 36.506)	(62, 36.5403)	(63, 36.5371)	(64, 36.5362)	(65, 36.474)	(66, 36.5014)	(67, 36.4709)	(68, 36.4528)	(69, 36.4756)	(70, 36.4928)	(71, 36.4814)	(72, 36.4982)	(73, 36.4631)	(74, 36.434)	(75, 36.4431)	(76, 36.4924)	(77, 36.4523)	(78, 36.4548)	(79, 36.4875)	(80, 36.4844)	(81, 36.4473)	(82, 36.4839)	(83, 36.4708)	(84, 36.4847)	(85, 36.4871)	(86, 36.4721)	(87, 36.4646)	(88, 36.4796)	(89, 36.4347)	(90, 36.4356)	(91, 36.4186)	(92, 36.4689)	(93, 36.4596)	(94, 36.4372)	(95, 36.3741)	(96, 36.4174)	(97, 36.4349)	(98, 36.417)	(99, 36.4193)	(100, 36.4263)	(101, 36.3952)	(102, 36.3976)	(103, 36.3637)	(104, 36.3978)	(105, 36.4219)	(106, 36.4027)	(107, 36.4182)	(108, 36.4098)	(109, 36.4121)	(110, 36.394)	(111, 36.3861)	(112, 36.345)	(113, 36.3721)	(114, 36.3883)	(115, 36.3513)	(116, 36.395)	(117, 36.3542)	(118, 36.3914)	(119, 36.3648)	(120, 36.3971)	(121, 36.362)	(122, 36.3327)	(123, 36.363)	(124, 36.3354)	(125, 36.3571)	(126, 36.3378)	(127, 36.3332)	(128, 36.3204)	(129, 36.3589)	(130, 36.3594)	(131, 36.3313)	(132, 36.3683)	(133, 36.3374)	(134, 36.3532)	(135, 36.3471)	(136, 36.3108)	(137, 36.2949)	(138, 36.2413)	(139, 36.216)	(140, 36.2511)	(141, 36.2345)	(142, 36.0998)	(143, 36.1444)	(144, 36.1011)	(145, 36.1827)	(146, 36.2371)	(147, 36.242)	(148, 36.174)	(149, 36.1815)	(150, 36.2482)
SRR16013073_1.fastq.gz_SRR16013073_2.fastq.gz	(1, 36.4586)	(2, 36.502)	(3, 36.5836)	(4, 36.5552)	(5, 36.5975)	(6, 36.5677)	(7, 36.5582)	(8, 36.5659)	(9, 36.5747)	(10, 36.5805)	(11, 36.5471)	(12, 36.5427)	(13, 36.5555)	(14, 36.5318)	(15, 36.5324)	(16, 36.5248)	(17, 36.5247)	(18, 36.5489)	(19, 36.5084)	(20, 36.5281)	(21, 36.525)	(22, 36.5115)	(23, 36.4891)	(24, 36.5008)	(25, 36.4936)	(26, 36.4541)	(27, 36.4301)	(28, 36.4457)	(29, 36.4524)	(30, 36.4433)	(31, 36.4505)	(32, 36.4269)	(33, 36.445)	(34, 36.4101)	(35, 36.425)	(36, 36.4229)	(37, 36.4179)	(38, 36.3676)	(39, 36.3666)	(40, 36.3514)	(41, 36.3453)	(42, 36.2955)	(43, 36.254)	(44, 36.3174)	(45, 36.2788)	(46, 36.3533)	(47, 36.36)	(48, 36.3368)	(49, 36.3581)	(50, 36.3489)	(51, 36.3369)	(52, 36.3551)	(53, 36.323)	(54, 36.351)	(55, 36.3335)	(56, 36.357)	(57, 36.3386)	(58, 36.3249)	(59, 36.328)	(60, 36.3292)	(61, 36.3003)	(62, 36.3357)	(63, 36.297)	(64, 36.3063)	(65, 36.277)	(66, 36.2577)	(67, 36.3089)	(68, 36.2956)	(69, 36.3009)	(70, 36.2015)	(71, 36.2425)	(72, 36.2931)	(73, 36.2937)	(74, 36.2097)	(75, 36.242)	(76, 36.2498)	(77, 36.2612)	(78, 36.2548)	(79, 36.2542)	(80, 36.2446)	(81, 36.2372)	(82, 36.2426)	(83, 36.2332)	(84, 36.1854)	(85, 36.2022)	(86, 36.2306)	(87, 36.2445)	(88, 36.2396)	(89, 36.2327)	(90, 36.2281)	(91, 36.2013)	(92, 36.2085)	(93, 36.2014)	(94, 36.1778)	(95, 36.0712)	(96, 35.3868)	(97, 36.1559)	(98, 36.1721)	(99, 36.1466)	(100, 36.0991)	(101, 36.1361)	(102, 36.1645)	(103, 36.1283)	(104, 36.1293)	(105, 36.123)	(106, 36.1131)	(107, 36.1336)	(108, 36.1468)	(109, 36.163)	(110, 36.0899)	(111, 36.1323)	(112, 36.0684)	(113, 36.1173)	(114, 36.1295)	(115, 36.1171)	(116, 36.0378)	(117, 36.0562)	(118, 36.1428)	(119, 36.0503)	(120, 35.974)	(121, 36.0967)	(122, 36.0978)	(123, 35.9969)	(124, 35.9588)	(125, 35.927)	(126, 36.0527)	(127, 35.986)	(128, 36.0062)	(129, 36.0142)	(130, 36.0177)	(131, 36.0329)	(132, 36.0554)	(133, 36.0366)	(134, 36.0172)	(135, 35.9651)	(136, 35.9769)	(137, 36.0004)	(138, 35.9863)	(139, 35.9794)	(140, 35.9205)	(141, 35.8582)	(142, 35.8161)	(143, 35.8913)	(144, 35.8594)	(145, 35.7684)	(146, 35.7721)	(147, 35.7989)	(148, 35.8966)	(149, 35.8252)	(150, 35.8153)
SRR16013074_1.fastq.gz_SRR16013074_2.fastq.gz	(1, 36.6709)	(2, 36.6977)	(3, 36.719)	(4, 36.6871)	(5, 36.7189)	(6, 36.6723)	(7, 36.6764)	(8, 36.7068)	(9, 36.7234)	(10, 36.7089)	(11, 36.7107)	(12, 36.7052)	(13, 36.6967)	(14, 36.7006)	(15, 36.6987)	(16, 36.6753)	(17, 36.6729)	(18, 36.6977)	(19, 36.6859)	(20, 36.6811)	(21, 36.6746)	(22, 36.6734)	(23, 36.6776)	(24, 36.6636)	(25, 36.653)	(26, 36.6455)	(27, 36.6424)	(28, 36.6185)	(29, 36.6457)	(30, 36.627)	(31, 36.6131)	(32, 36.6147)	(33, 36.6203)	(34, 36.6111)	(35, 36.6056)	(36, 36.6092)	(37, 36.6013)	(38, 36.5561)	(39, 36.5872)	(40, 36.5513)	(41, 36.5492)	(42, 36.4897)	(43, 36.4705)	(44, 36.4965)	(45, 36.5039)	(46, 36.5488)	(47, 36.5603)	(48, 36.5622)	(49, 36.5676)	(50, 36.5306)	(51, 36.613)	(52, 36.5758)	(53, 36.6011)	(54, 36.5677)	(55, 36.5993)	(56, 36.5827)	(57, 36.5687)	(58, 36.5469)	(59, 36.5682)	(60, 36.5571)	(61, 36.544)	(62, 36.5112)	(63, 36.5478)	(64, 36.5641)	(65, 36.5387)	(66, 36.5373)	(67, 36.4848)	(68, 36.5179)	(69, 36.5743)	(70, 36.5069)	(71, 36.4838)	(72, 36.5197)	(73, 36.519)	(74, 36.4926)	(75, 36.4837)	(76, 36.5266)	(77, 36.5109)	(78, 36.527)	(79, 36.5047)	(80, 36.5153)	(81, 36.4888)	(82, 36.5361)	(83, 36.5205)	(84, 36.5238)	(85, 36.4918)	(86, 36.5089)	(87, 36.5274)	(88, 36.5235)	(89, 36.4756)	(90, 36.4893)	(91, 36.4638)	(92, 36.4025)	(93, 36.4283)	(94, 36.4874)	(95, 36.4672)	(96, 36.4513)	(97, 36.4687)	(98, 36.483)	(99, 36.4356)	(100, 36.4599)	(101, 36.4489)	(102, 36.4673)	(103, 36.4324)	(104, 36.4295)	(105, 36.4177)	(106, 36.4689)	(107, 36.4599)	(108, 36.4439)	(109, 36.4385)	(110, 36.4156)	(111, 36.4432)	(112, 36.414)	(113, 36.422)	(114, 36.4032)	(115, 36.3994)	(116, 36.4529)	(117, 36.3645)	(118, 36.3646)	(119, 36.4245)	(120, 36.36)	(121, 36.3313)	(122, 36.275)	(123, 36.3352)	(124, 36.3733)	(125, 36.4034)	(126, 36.3799)	(127, 36.3432)	(128, 36.2994)	(129, 36.3048)	(130, 36.3701)	(131, 36.3783)	(132, 36.3113)	(133, 36.3351)	(134, 36.357)	(135, 36.3635)	(136, 36.3392)	(137, 36.3309)	(138, 36.2568)	(139, 36.2351)	(140, 36.1712)	(141, 36.2251)	(142, 36.1455)	(143, 36.0049)	(144, 36.0513)	(145, 36.1102)	(146, 36.0165)	(147, 36.1057)	(148, 36.2005)	(149, 36.2703)	(150, 36.1639)
SRR16013082_1.fastq.gz_SRR16013082_2.fastq.gz	(1, 36.4976)	(2, 36.5843)	(3, 36.6557)	(4, 36.6566)	(5, 36.6776)	(6, 36.6398)	(7, 36.635)	(8, 36.6748)	(9, 36.6954)	(10, 36.643)	(11, 36.7241)	(12, 36.7106)	(13, 36.6732)	(14, 36.6943)	(15, 36.7005)	(16, 36.7003)	(17, 36.7098)	(18, 36.7106)	(19, 36.6541)	(20, 36.7018)	(21, 36.6964)	(22, 36.6796)	(23, 36.6506)	(24, 36.651)	(25, 36.6297)	(26, 36.6228)	(27, 36.6286)	(28, 36.6053)	(29, 36.6202)	(30, 36.6112)	(31, 36.6121)	(32, 36.6228)	(33, 36.6098)	(34, 36.5996)	(35, 36.6176)	(36, 36.6286)	(37, 36.6244)	(38, 36.5761)	(39, 36.6002)	(40, 36.6211)	(41, 36.5583)	(42, 36.5575)	(43, 36.5228)	(44, 36.5671)	(45, 36.5525)	(46, 36.5616)	(47, 36.5694)	(48, 36.5735)	(49, 36.5781)	(50, 36.5861)	(51, 36.5989)	(52, 36.5707)	(53, 36.5963)	(54, 36.5608)	(55, 36.5901)	(56, 36.5737)	(57, 36.5785)	(58, 36.5699)	(59, 36.5671)	(60, 36.5417)	(61, 36.511)	(62, 36.5306)	(63, 36.5137)	(64, 36.5436)	(65, 36.4723)	(66, 36.5022)	(67, 36.4654)	(68, 36.4695)	(69, 36.4473)	(70, 36.4808)	(71, 36.5014)	(72, 36.5044)	(73, 36.453)	(74, 36.4393)	(75, 36.4281)	(76, 36.4705)	(77, 36.4516)	(78, 36.4637)	(79, 36.4864)	(80, 36.4658)	(81, 36.4467)	(82, 36.4693)	(83, 36.462)	(84, 36.4691)	(85, 36.4636)	(86, 36.4425)	(87, 36.4377)	(88, 36.4412)	(89, 36.418)	(90, 36.3852)	(91, 36.426)	(92, 36.4314)	(93, 36.4228)	(94, 36.4142)	(95, 36.3249)	(96, 36.395)	(97, 36.4314)	(98, 36.3697)	(99, 36.3779)	(100, 36.4174)	(101, 36.3787)	(102, 36.3493)	(103, 36.3203)	(104, 36.3663)	(105, 36.3704)	(106, 36.3503)	(107, 36.3916)	(108, 36.3757)	(109, 36.3819)	(110, 36.3691)	(111, 36.3577)	(112, 36.3204)	(113, 36.3391)	(114, 36.3585)	(115, 36.3315)	(116, 36.3436)	(117, 36.3344)	(118, 36.3517)	(119, 36.3732)	(120, 36.3588)	(121, 36.3422)	(122, 36.2971)	(123, 36.3286)	(124, 36.3335)	(125, 36.3004)	(126, 36.3205)	(127, 36.314)	(128, 36.3146)	(129, 36.3436)	(130, 36.3418)	(131, 36.3143)	(132, 36.3598)	(133, 36.338)	(134, 36.3153)	(135, 36.3096)	(136, 36.2918)	(137, 36.2818)	(138, 36.2495)	(139, 36.2061)	(140, 36.2329)	(141, 36.2138)	(142, 36.0712)	(143, 36.1611)	(144, 36.0874)	(145, 36.1844)	(146, 36.2123)	(147, 36.2086)	(148, 36.1176)	(149, 36.1424)	(150, 36.2185)
SRR16013083_1.fastq.gz_SRR16013083_2.fastq.gz	(1, 36.6341)	(2, 36.6376)	(3, 36.7042)	(4, 36.6631)	(5, 36.6875)	(6, 36.6561)	(7, 36.6537)	(8, 36.6816)	(9, 36.7008)	(10, 36.6856)	(11, 36.6917)	(12, 36.6943)	(13, 36.6836)	(14, 36.6743)	(15, 36.6582)	(16, 36.6528)	(17, 36.6602)	(18, 36.666)	(19, 36.6727)	(20, 36.647)	(21, 36.6635)	(22, 36.6609)	(23, 36.6395)	(24, 36.6564)	(25, 36.6471)	(26, 36.6261)	(27, 36.6275)	(28, 36.606)	(29, 36.6237)	(30, 36.5989)	(31, 36.5877)	(32, 36.5871)	(33, 36.5823)	(34, 36.5715)	(35, 36.5979)	(36, 36.5932)	(37, 36.5884)	(38, 36.566)	(39, 36.5481)	(40, 36.5637)	(41, 36.5573)	(42, 36.5114)	(43, 36.5116)	(44, 36.5519)	(45, 36.5372)	(46, 36.515)	(47, 36.5337)	(48, 36.5351)	(49, 36.5269)	(50, 36.5314)	(51, 36.5512)	(52, 36.5438)	(53, 36.5499)	(54, 36.5442)	(55, 36.5699)	(56, 36.5387)	(57, 36.5278)	(58, 36.5263)	(59, 36.5219)	(60, 36.5211)	(61, 36.5177)	(62, 36.5036)	(63, 36.5006)	(64, 36.5214)	(65, 36.4919)	(66, 36.4732)	(67, 36.4408)	(68, 36.4479)	(69, 36.5178)	(70, 36.4483)	(71, 36.4364)	(72, 36.4653)	(73, 36.4628)	(74, 36.4406)	(75, 36.4608)	(76, 36.4622)	(77, 36.4511)	(78, 36.4761)	(79, 36.4609)	(80, 36.459)	(81, 36.4506)	(82, 36.4764)	(83, 36.4667)	(84, 36.4622)	(85, 36.4389)	(86, 36.4626)	(87, 36.4687)	(88, 36.4294)	(89, 36.399)	(90, 36.4274)	(91, 36.3974)	(92, 36.3509)	(93, 36.3907)	(94, 36.453)	(95, 36.4241)	(96, 36.3752)	(97, 36.408)	(98, 36.4461)	(99, 36.3914)	(100, 36.423)	(101, 36.4203)	(102, 36.3967)	(103, 36.3932)	(104, 36.3569)	(105, 36.3899)	(106, 36.3832)	(107, 36.4068)	(108, 36.3865)	(109, 36.3792)	(110, 36.392)	(111, 36.3818)	(112, 36.3687)	(113, 36.3429)	(114, 36.3224)	(115, 36.3267)	(116, 36.3633)	(117, 36.3053)	(118, 36.2906)	(119, 36.3259)	(120, 36.2827)	(121, 36.2596)	(122, 36.2238)	(123, 36.2497)	(124, 36.3027)	(125, 36.3142)	(126, 36.3288)	(127, 36.3159)	(128, 36.2417)	(129, 36.2445)	(130, 36.3484)	(131, 36.3204)	(132, 36.2666)	(133, 36.2797)	(134, 36.3109)	(135, 36.3267)	(136, 36.2865)	(137, 36.2779)	(138, 36.2418)	(139, 36.1876)	(140, 36.1468)	(141, 36.2084)	(142, 36.0974)	(143, 35.9664)	(144, 36.0545)	(145, 36.0973)	(146, 36.0479)	(147, 36.0545)	(148, 36.1263)	(149, 36.2318)	(150, 36.1542)
SRR16013084_1.fastq.gz_SRR16013084_2.fastq.gz	(1, 36.4857)	(2, 36.52)	(3, 36.6018)	(4, 36.5582)	(5, 36.6357)	(6, 36.5818)	(7, 36.5591)	(8, 36.558)	(9, 36.5802)	(10, 36.6009)	(11, 36.5677)	(12, 36.5806)	(13, 36.5658)	(14, 36.559)	(15, 36.5714)	(16, 36.5689)	(17, 36.5828)	(18, 36.5599)	(19, 36.5445)	(20, 36.5633)	(21, 36.5419)	(22, 36.5407)	(23, 36.5038)	(24, 36.5397)	(25, 36.5242)	(26, 36.5086)	(27, 36.457)	(28, 36.4762)	(29, 36.4768)	(30, 36.4637)	(31, 36.4569)	(32, 36.4668)	(33, 36.4894)	(34, 36.4567)	(35, 36.4552)	(36, 36.4677)	(37, 36.4671)	(38, 36.4245)	(39, 36.4095)	(40, 36.4131)	(41, 36.3932)	(42, 36.36)	(43, 36.3501)	(44, 36.4026)	(45, 36.3843)	(46, 36.4043)	(47, 36.4112)	(48, 36.3954)	(49, 36.3802)	(50, 36.3974)	(51, 36.3793)	(52, 36.3745)	(53, 36.3352)	(54, 36.3527)	(55, 36.3416)	(56, 36.3831)	(57, 36.3489)	(58, 36.3359)	(59, 36.3425)	(60, 36.3446)	(61, 36.3335)	(62, 36.3476)	(63, 36.3384)	(64, 36.3356)	(65, 36.2939)	(66, 36.3038)	(67, 36.3095)	(68, 36.287)	(69, 36.2995)	(70, 36.2404)	(71, 36.2527)	(72, 36.3017)	(73, 36.2993)	(74, 36.2525)	(75, 36.2812)	(76, 36.2624)	(77, 36.2547)	(78, 36.2664)	(79, 36.2379)	(80, 36.247)	(81, 36.2806)	(82, 36.2343)	(83, 36.2352)	(84, 36.2095)	(85, 36.2123)	(86, 36.2415)	(87, 36.2132)	(88, 36.2234)	(89, 36.2146)	(90, 36.2283)	(91, 36.1981)	(92, 36.2129)	(93, 36.176)	(94, 36.1928)	(95, 36.0809)	(96, 35.4709)	(97, 36.1572)	(98, 36.1716)	(99, 36.1022)	(100, 36.1403)	(101, 36.1118)	(102, 36.1619)	(103, 36.1332)	(104, 36.1308)	(105, 36.1372)	(106, 36.1202)	(107, 36.1595)	(108, 36.1464)	(109, 36.1355)	(110, 36.097)	(111, 36.1419)	(112, 36.0869)	(113, 36.0991)	(114, 36.1381)	(115, 36.1349)	(116, 36.0409)	(117, 36.0563)	(118, 36.1173)	(119, 36.0576)	(120, 35.982)	(121, 36.0698)	(122, 36.1012)	(123, 35.9963)	(124, 35.9827)	(125, 35.9654)	(126, 36.047)	(127, 36.0409)	(128, 36.0287)	(129, 36.014)	(130, 36.0282)	(131, 36.0609)	(132, 36.0412)	(133, 36.0417)	(134, 36.0303)	(135, 35.942)	(136, 35.9778)	(137, 35.9913)	(138, 35.9899)	(139, 36.0266)	(140, 35.9442)	(141, 35.9237)	(142, 35.8592)	(143, 35.9126)	(144, 35.9125)	(145, 35.8199)	(146, 35.7863)	(147, 35.8107)	(148, 35.916)	(149, 35.8166)	(150, 35.8221)
SRR16013090_1.fastq.gz_SRR16013090_2.fastq.gz	(1, 36.5031)	(2, 36.5752)	(3, 36.6331)	(4, 36.6349)	(5, 36.6669)	(6, 36.5931)	(7, 36.5944)	(8, 36.6501)	(9, 36.6593)	(10, 36.6433)	(11, 36.6826)	(12, 36.6692)	(13, 36.6392)	(14, 36.667)	(15, 36.6692)	(16, 36.6626)	(17, 36.6741)	(18, 36.6742)	(19, 36.6309)	(20, 36.6675)	(21, 36.6539)	(22, 36.623)	(23, 36.618)	(24, 36.6146)	(25, 36.5976)	(26, 36.575)	(27, 36.5645)	(28, 36.5598)	(29, 36.5927)	(30, 36.5775)	(31, 36.5791)	(32, 36.5999)	(33, 36.5896)	(34, 36.5537)	(35, 36.5815)	(36, 36.6004)	(37, 36.5848)	(38, 36.5169)	(39, 36.544)	(40, 36.537)	(41, 36.5284)	(42, 36.4932)	(43, 36.4478)	(44, 36.5168)	(45, 36.4632)	(46, 36.5074)	(47, 36.5367)	(48, 36.5112)	(49, 36.5346)	(50, 36.5469)	(51, 36.5439)	(52, 36.5577)	(53, 36.5431)	(54, 36.5187)	(55, 36.575)	(56, 36.5343)	(57, 36.5313)	(58, 36.5108)	(59, 36.5075)	(60, 36.4994)	(61, 36.4595)	(62, 36.4931)	(63, 36.4682)	(64, 36.5012)	(65, 36.4547)	(66, 36.4793)	(67, 36.436)	(68, 36.4077)	(69, 36.4244)	(70, 36.4451)	(71, 36.4554)	(72, 36.4405)	(73, 36.4124)	(74, 36.3976)	(75, 36.3851)	(76, 36.4595)	(77, 36.4175)	(78, 36.4191)	(79, 36.4486)	(80, 36.4557)	(81, 36.3946)	(82, 36.4543)	(83, 36.4362)	(84, 36.4546)	(85, 36.4521)	(86, 36.4241)	(87, 36.454)	(88, 36.4555)	(89, 36.4146)	(90, 36.3937)	(91, 36.3667)	(92, 36.41)	(93, 36.381)	(94, 36.373)	(95, 36.3231)	(96, 36.3591)	(97, 36.3903)	(98, 36.3522)	(99, 36.3708)	(100, 36.3488)	(101, 36.3687)	(102, 36.3531)	(103, 36.3152)	(104, 36.3217)	(105, 36.3466)	(106, 36.3259)	(107, 36.3284)	(108, 36.3759)	(109, 36.3484)	(110, 36.3358)	(111, 36.3186)	(112, 36.2393)	(113, 36.2944)	(114, 36.322)	(115, 36.2912)	(116, 36.3027)	(117, 36.2768)	(118, 36.3388)	(119, 36.3112)	(120, 36.3304)	(121, 36.3325)	(122, 36.3033)	(123, 36.3204)	(124, 36.3103)	(125, 36.2452)	(126, 36.2802)	(127, 36.2454)	(128, 36.2729)	(129, 36.3205)	(130, 36.318)	(131, 36.2671)	(132, 36.3107)	(133, 36.2931)	(134, 36.2947)	(135, 36.3003)	(136, 36.2427)	(137, 36.2606)	(138, 36.2457)	(139, 36.1835)	(140, 36.1943)	(141, 36.1772)	(142, 36.0517)	(143, 36.1778)	(144, 36.0464)	(145, 36.113)	(146, 36.2065)	(147, 36.1945)	(148, 36.0956)	(149, 36.1166)	(150, 36.1786)
