Sample	0	1	2	3	4	5	6	7	8	9	10	11	12	13	14	15	16	17	18	19	20	21	22	23	24	25	26	27	28	29	30	31	32	33	34	35	36	37	38	39	40	41	42	43	44	45	46	47	48	49	50	51	52	53	54	55	56	57	58	59	60	61	62	63	64	65	66	67	68	69	70	71	72	73	74	75	76	77	78	79	80	81	82	83	84	85	86	87	88	89	90	91	92	93	94	95	96	97	98	99	100	101	102	103	104	105	106	107	108	109	110	111	112	113	114	115	116	117	118	119	120	121	122	123	124	125	126	127	128	129	130	131	132	133	134	135	136	137	138	139	140	141	142	143	144	145	146	147	148	149
SRR16013048_1.fastq.gz_SRR16013048_2.fastq.gz	(1, 83.3)	(2, 49.007)	(3, 56.12200000000001)	(4, 48.786)	(5, 46.085)	(6, 45.4)	(7, 38.747)	(8, 47.361)	(9, 45.311)	(10, 43.788)	(11, 55.711)	(12, 51.295)	(13, 47.582)	(14, 48.982)	(15, 49.559)	(16, 50.278)	(17, 49.857)	(18, 50.371)	(19, 50.497)	(20, 50.331)	(21, 49.936)	(22, 49.984)	(23, 48.637)	(24, 49.980000000000004)	(25, 50.259)	(26, 49.553000000000004)	(27, 49.032)	(28, 50.458999999999996)	(29, 50.82)	(30, 50.836999999999996)	(31, 51.217999999999996)	(32, 50.077000000000005)	(33, 50.57000000000001)	(34, 50.134)	(35, 50.043000000000006)	(36, 50.58200000000001)	(37, 49.702)	(38, 50.257)	(39, 49.508)	(40, 50.67)	(41, 49.104)	(42, 48.834)	(43, 48.857)	(44, 48.221000000000004)	(45, 48.226)	(46, 49.757)	(47, 48.833)	(48, 48.775)	(49, 50.039)	(50, 49.01)	(51, 50.697)	(52, 51.31)	(53, 49.939)	(54, 50.413)	(55, 50.536)	(56, 50.678999999999995)	(57, 49.71)	(58, 48.531)	(59, 48.612)	(60, 49.051)	(61, 49.279)	(62, 48.752)	(63, 49.87)	(64, 50.787000000000006)	(65, 50.327)	(66, 49.932)	(67, 51.805)	(68, 49.457)	(69, 50.861000000000004)	(70, 50.851)	(71, 50.296)	(72, 50.327)	(73, 49.586000000000006)	(74, 49.782)	(75, 49.791000000000004)	(76, 50.205999999999996)	(77, 49.395)	(78, 49.596000000000004)	(79, 50.2)	(80, 49.419999999999995)	(81, 50.23800000000001)	(82, 51.001)	(83, 50.449)	(84, 50.88399999999999)	(85, 51.089)	(86, 49.866)	(87, 51.23799999999999)	(88, 50.693)	(89, 49.911)	(90, 50.002)	(91, 49.961)	(92, 50.202999999999996)	(93, 50.235)	(94, 51.125)	(95, 49.964999999999996)	(96, 50.895)	(97, 51.775999999999996)	(98, 50.32)	(99, 51.275000000000006)	(100, 50.891)	(101, 49.55)	(102, 50.879)	(103, 50.934999999999995)	(104, 49.803999999999995)	(105, 51.03)	(106, 50.949)	(107, 51.176)	(108, 51.346000000000004)	(109, 51.221000000000004)	(110, 50.71600000000001)	(111, 50.080999999999996)	(112, 50.753)	(113, 51.022)	(114, 51.587)	(115, 51.144)	(116, 50.048)	(117, 51.293)	(118, 51.714000000000006)	(119, 51.259)	(120, 50.910999999999994)	(121, 51.324999999999996)	(122, 51.439)	(123, 51.442)	(124, 51.673)	(125, 51.42)	(126, 51.74100000000001)	(127, 51.056999999999995)	(128, 51.005)	(129, 51.446999999999996)	(130, 51.798)	(131, 51.529)	(132, 51.726000000000006)	(133, 51.254)	(134, 51.588)	(135, 52.056999999999995)	(136, 51.42)	(137, 51.641999999999996)	(138, 51.356)	(139, 51.735)	(140, 50.708)	(141, 50.783)	(142, 51.114000000000004)	(143, 50.763999999999996)	(144, 50.906)	(145, 51.55800000000001)	(146, 51.38700000000001)	(147, 51.812000000000005)	(148, 51.034)	(149, 51.739000000000004)	(150, 51.392)
SRR16013050_1.fastq.gz_SRR16013050_2.fastq.gz	(1, 83.61)	(2, 47.433)	(3, 56.191)	(4, 48.905)	(5, 45.449)	(6, 44.211)	(7, 37.406)	(8, 47.003)	(9, 44.544)	(10, 42.817)	(11, 54.278000000000006)	(12, 50.293)	(13, 47.303)	(14, 47.727000000000004)	(15, 48.827)	(16, 49.13)	(17, 48.717)	(18, 49.296)	(19, 49.738)	(20, 49.205)	(21, 48.699)	(22, 49.069)	(23, 47.668)	(24, 48.905)	(25, 49.191)	(26, 48.559000000000005)	(27, 48.368)	(28, 49.469)	(29, 49.195)	(30, 49.678)	(31, 50.282000000000004)	(32, 48.996)	(33, 49.788)	(34, 49.205)	(35, 48.65)	(36, 48.982)	(37, 48.853)	(38, 49.010999999999996)	(39, 48.544)	(40, 49.46)	(41, 47.797)	(42, 48.416)	(43, 48.548)	(44, 47.677)	(45, 48.183)	(46, 48.49)	(47, 47.650999999999996)	(48, 47.535)	(49, 48.759)	(50, 48.052)	(51, 49.085)	(52, 50.105999999999995)	(53, 48.667)	(54, 48.763)	(55, 49.541000000000004)	(56, 49.288)	(57, 48.693999999999996)	(58, 48.264)	(59, 48.026)	(60, 48.461999999999996)	(61, 48.977)	(62, 47.705)	(63, 49.4)	(64, 49.681999999999995)	(65, 49.198)	(66, 49.589)	(67, 50.33800000000001)	(68, 48.642)	(69, 49.639)	(70, 49.549)	(71, 48.82)	(72, 49.391)	(73, 48.812)	(74, 48.661)	(75, 49.101)	(76, 49.295)	(77, 48.433)	(78, 49.151)	(79, 48.897)	(80, 48.327999999999996)	(81, 49.336999999999996)	(82, 50.608)	(83, 49.114999999999995)	(84, 49.757)	(85, 50.105)	(86, 48.741)	(87, 50.358999999999995)	(88, 49.753)	(89, 48.461)	(90, 49.49)	(91, 49.576)	(92, 48.636)	(93, 49.228)	(94, 49.870999999999995)	(95, 48.86)	(96, 50.143)	(97, 50.346999999999994)	(98, 49.504)	(99, 50.178999999999995)	(100, 50.00599999999999)	(101, 48.656)	(102, 49.778)	(103, 49.544)	(104, 48.961)	(105, 49.855)	(106, 50.351)	(107, 49.961)	(108, 50.358999999999995)	(109, 50.001)	(110, 49.595)	(111, 49.254999999999995)	(112, 49.622)	(113, 49.777)	(114, 50.002)	(115, 49.89)	(116, 49.264)	(117, 50.182)	(118, 50.678999999999995)	(119, 50.06699999999999)	(120, 50.029999999999994)	(121, 50.409000000000006)	(122, 50.15500000000001)	(123, 50.841)	(124, 50.366)	(125, 50.536)	(126, 50.910999999999994)	(127, 50.309000000000005)	(128, 49.918)	(129, 50.346999999999994)	(130, 50.917)	(131, 50.556999999999995)	(132, 50.939)	(133, 50.244)	(134, 50.553000000000004)	(135, 50.678999999999995)	(136, 50.57000000000001)	(137, 50.839)	(138, 50.773999999999994)	(139, 50.654999999999994)	(140, 49.61)	(141, 50.46000000000001)	(142, 50.525)	(143, 49.883)	(144, 50.482000000000006)	(145, 50.785000000000004)	(146, 50.564)	(147, 51.234)	(148, 50.578)	(149, 50.967)	(150, 50.81400000000001)
SRR16013054_1.fastq.gz_SRR16013054_2.fastq.gz	(1, 84.121)	(2, 49.495)	(3, 57.034)	(4, 49.730999999999995)	(5, 46.455)	(6, 45.122)	(7, 38.492)	(8, 47.114)	(9, 44.842)	(10, 43.234)	(11, 54.405)	(12, 51.104000000000006)	(13, 47.369)	(14, 48.077)	(15, 49.669999999999995)	(16, 50.080999999999996)	(17, 49.321)	(18, 49.733)	(19, 49.903)	(20, 49.584)	(21, 49.51)	(22, 49.159000000000006)	(23, 47.939)	(24, 49.214)	(25, 49.511)	(26, 48.842)	(27, 48.648)	(28, 50.132)	(29, 49.755)	(30, 50.554)	(31, 51.068000000000005)	(32, 49.844)	(33, 50.105)	(34, 49.873)	(35, 49.626999999999995)	(36, 49.672)	(37, 49.085)	(38, 49.19)	(39, 49.653999999999996)	(40, 50.241)	(41, 48.719)	(42, 48.309999999999995)	(43, 49.010999999999996)	(44, 48.083999999999996)	(45, 48.576)	(46, 49.46)	(47, 48.669000000000004)	(48, 48.831)	(49, 49.753)	(50, 48.786)	(51, 50.243)	(52, 50.524)	(53, 49.295)	(54, 49.636)	(55, 49.870999999999995)	(56, 50.014)	(57, 49.284)	(58, 49.079)	(59, 48.586)	(60, 48.980000000000004)	(61, 49.014)	(62, 48.954)	(63, 49.044)	(64, 50.226000000000006)	(65, 49.208)	(66, 49.797000000000004)	(67, 51.272)	(68, 49.541000000000004)	(69, 50.23)	(70, 50.564)	(71, 49.622)	(72, 49.870999999999995)	(73, 49.405)	(74, 49.437)	(75, 49.828)	(76, 49.726)	(77, 48.948)	(78, 49.381)	(79, 49.728)	(80, 49.225)	(81, 49.873)	(82, 50.73800000000001)	(83, 50.153999999999996)	(84, 50.456999999999994)	(85, 50.307)	(86, 49.572)	(87, 50.443000000000005)	(88, 50.212)	(89, 49.284)	(90, 49.539)	(91, 49.282)	(92, 49.681)	(93, 50.047)	(94, 50.343)	(95, 49.635)	(96, 50.388)	(97, 50.70099999999999)	(98, 50.052)	(99, 50.373999999999995)	(100, 50.747)	(101, 49.327)	(102, 50.134)	(103, 50.282000000000004)	(104, 48.823)	(105, 50.161)	(106, 50.368)	(107, 50.306)	(108, 50.623)	(109, 50.876)	(110, 49.89)	(111, 49.409)	(112, 49.815)	(113, 50.293)	(114, 50.44499999999999)	(115, 50.117)	(116, 49.53)	(117, 50.07)	(118, 50.453)	(119, 50.197)	(120, 50.169)	(121, 50.553000000000004)	(122, 49.718)	(123, 50.580000000000005)	(124, 50.471)	(125, 50.302)	(126, 50.33)	(127, 50.004000000000005)	(128, 49.656)	(129, 49.6)	(130, 50.522999999999996)	(131, 50.074)	(132, 49.678)	(133, 49.66)	(134, 49.388)	(135, 50.182)	(136, 49.803)	(137, 49.628)	(138, 49.63)	(139, 49.645)	(140, 48.949999999999996)	(141, 49.272)	(142, 48.896)	(143, 48.888)	(144, 48.457)	(145, 49.556)	(146, 49.662)	(147, 49.536)	(148, 49.323)	(149, 49.791999999999994)	(150, 49.563)
SRR16013056_1.fastq.gz_SRR16013056_2.fastq.gz	(1, 83.21600000000001)	(2, 48.747)	(3, 55.81700000000001)	(4, 48.52)	(5, 46.131)	(6, 45.476)	(7, 38.262)	(8, 47.443000000000005)	(9, 45.391)	(10, 44.025999999999996)	(11, 55.139)	(12, 50.883)	(13, 47.555)	(14, 48.638999999999996)	(15, 49.601)	(16, 49.961)	(17, 49.478)	(18, 50.041000000000004)	(19, 50.034)	(20, 49.645)	(21, 49.836000000000006)	(22, 49.702)	(23, 48.101)	(24, 49.564)	(25, 49.602000000000004)	(26, 49.012)	(27, 48.951)	(28, 50.661)	(29, 50.29900000000001)	(30, 50.358999999999995)	(31, 51.305)	(32, 49.952999999999996)	(33, 50.28399999999999)	(34, 49.786)	(35, 49.49)	(36, 50.31)	(37, 49.335)	(38, 49.471)	(39, 49.278)	(40, 50.153000000000006)	(41, 48.771)	(42, 48.153)	(43, 48.699999999999996)	(44, 47.791)	(45, 48.162)	(46, 49.178)	(47, 48.278999999999996)	(48, 48.192)	(49, 49.49)	(50, 48.596000000000004)	(51, 50.175000000000004)	(52, 50.817)	(53, 49.506)	(54, 49.537)	(55, 50.288)	(56, 50.194)	(57, 49.135)	(58, 48.508)	(59, 48.451)	(60, 49.025999999999996)	(61, 49.403999999999996)	(62, 48.275)	(63, 48.888999999999996)	(64, 50.248000000000005)	(65, 49.525000000000006)	(66, 49.613)	(67, 51.647)	(68, 49.4)	(69, 50.307)	(70, 50.712)	(71, 49.807)	(72, 50.017)	(73, 49.015)	(74, 49.597)	(75, 49.984)	(76, 49.921)	(77, 48.954)	(78, 49.782)	(79, 49.696)	(80, 48.669000000000004)	(81, 50.348000000000006)	(82, 51.2)	(83, 50.095)	(84, 50.365)	(85, 51.114000000000004)	(86, 49.286)	(87, 51.12)	(88, 50.846000000000004)	(89, 49.262)	(90, 49.915)	(91, 49.653999999999996)	(92, 49.386)	(93, 50.129000000000005)	(94, 51.251999999999995)	(95, 49.761)	(96, 50.676)	(97, 51.272)	(98, 50.172000000000004)	(99, 51.132999999999996)	(100, 50.815)	(101, 49.226)	(102, 50.70400000000001)	(103, 50.596)	(104, 49.509)	(105, 50.427)	(106, 50.915)	(107, 50.526)	(108, 51.349999999999994)	(109, 51.208)	(110, 50.492000000000004)	(111, 49.783)	(112, 50.266)	(113, 51.119)	(114, 51.354)	(115, 51.224000000000004)	(116, 49.969)	(117, 51.175000000000004)	(118, 52.271)	(119, 51.159)	(120, 51.273)	(121, 51.756)	(122, 51.211)	(123, 52.410999999999994)	(124, 51.771)	(125, 51.788000000000004)	(126, 51.937)	(127, 51.641000000000005)	(128, 51.44)	(129, 51.934000000000005)	(130, 52.281)	(131, 51.932)	(132, 52.376999999999995)	(133, 52.235)	(134, 52.44)	(135, 53.235)	(136, 52.434999999999995)	(137, 52.495000000000005)	(138, 52.842999999999996)	(139, 52.513)	(140, 51.551)	(141, 52.356)	(142, 52.580000000000005)	(143, 51.772)	(144, 52.26499999999999)	(145, 52.669999999999995)	(146, 53.095000000000006)	(147, 53.047)	(148, 52.647)	(149, 53.32)	(150, 53.049)
SRR16013070_1.fastq.gz_SRR16013070_2.fastq.gz	(1, 82.841)	(2, 49.094)	(3, 55.206)	(4, 48.536)	(5, 45.745999999999995)	(6, 45.821)	(7, 38.873000000000005)	(8, 47.56)	(9, 45.458)	(10, 44.518)	(11, 56.145)	(12, 51.7)	(13, 47.876999999999995)	(14, 49.549)	(15, 50.682)	(16, 50.49)	(17, 50.81)	(18, 50.417)	(19, 50.57899999999999)	(20, 50.605)	(21, 50.934999999999995)	(22, 50.151)	(23, 48.786)	(24, 49.799)	(25, 50.522)	(26, 49.452)	(27, 49.657000000000004)	(28, 51.05499999999999)	(29, 51.364)	(30, 51.31400000000001)	(31, 51.866)	(32, 50.596)	(33, 51.49700000000001)	(34, 50.28399999999999)	(35, 50.556)	(36, 50.77199999999999)	(37, 49.549)	(38, 50.405)	(39, 50.282000000000004)	(40, 50.914)	(41, 48.748999999999995)	(42, 48.024)	(43, 48.82)	(44, 48.001)	(45, 48.116)	(46, 49.183)	(47, 48.264)	(48, 48.233)	(49, 49.655)	(50, 48.9)	(51, 50.934999999999995)	(52, 51.61)	(53, 50.20400000000001)	(54, 49.951)	(55, 50.673)	(56, 51.376)	(57, 49.726)	(58, 48.508)	(59, 48.618)	(60, 49.034)	(61, 48.785000000000004)	(62, 49.131)	(63, 49.302)	(64, 51.049)	(65, 50.434999999999995)	(66, 50.212999999999994)	(67, 51.796)	(68, 50.111000000000004)	(69, 50.910999999999994)	(70, 51.446999999999996)	(71, 50.370000000000005)	(72, 50.925)	(73, 49.056)	(74, 49.958000000000006)	(75, 50.695)	(76, 50.37199999999999)	(77, 49.092999999999996)	(78, 50.012)	(79, 49.842)	(80, 49.392)	(81, 50.578)	(82, 51.800999999999995)	(83, 50.99)	(84, 51.331)	(85, 51.324999999999996)	(86, 49.525999999999996)	(87, 52.163000000000004)	(88, 50.456)	(89, 49.663000000000004)	(90, 50.066)	(91, 50.175000000000004)	(92, 50.346000000000004)	(93, 51.06)	(94, 51.471000000000004)	(95, 49.919999999999995)	(96, 51.144999999999996)	(97, 51.629999999999995)	(98, 50.748000000000005)	(99, 51.195)	(100, 51.322)	(101, 49.504999999999995)	(102, 51.528)	(103, 50.781)	(104, 49.463)	(105, 51.014)	(106, 50.916)	(107, 51.190999999999995)	(108, 52.127)	(109, 50.878)	(110, 51.014)	(111, 49.911)	(112, 50.831)	(113, 51.458000000000006)	(114, 51.736000000000004)	(115, 51.092999999999996)	(116, 49.918)	(117, 51.502)	(118, 51.727000000000004)	(119, 50.583)	(120, 50.64999999999999)	(121, 51.358000000000004)	(122, 51.26500000000001)	(123, 51.70099999999999)	(124, 51.573)	(125, 51.454)	(126, 51.548)	(127, 50.397999999999996)	(128, 50.964)	(129, 50.939)	(130, 51.864)	(131, 51.09)	(132, 51.70400000000001)	(133, 51.369)	(134, 51.321000000000005)	(135, 51.690999999999995)	(136, 51.406)	(137, 50.983999999999995)	(138, 51.017)	(139, 51.003)	(140, 50.046)	(141, 50.497)	(142, 50.392)	(143, 49.980999999999995)	(144, 49.514)	(145, 50.919000000000004)	(146, 50.498)	(147, 50.748000000000005)	(148, 50.314)	(149, 50.686)	(150, 50.573)
SRR16013072_1.fastq.gz_SRR16013072_2.fastq.gz	(1, 83.255)	(2, 50.657)	(3, 56.091)	(4, 49.159000000000006)	(5, 46.745)	(6, 47.093)	(7, 40.1)	(8, 48.034)	(9, 45.805)	(10, 45.348)	(11, 57.285)	(12, 51.772)	(13, 48.288)	(14, 50.804)	(15, 50.723)	(16, 51.261)	(17, 51.256)	(18, 51.524)	(19, 51.22)	(20, 52.141000000000005)	(21, 51.354)	(22, 50.88)	(23, 49.447)	(24, 50.621)	(25, 51.136)	(26, 50.454)	(27, 49.918)	(28, 52.111)	(29, 52.690000000000005)	(30, 52.442)	(31, 53.701)	(32, 51.898999999999994)	(33, 52.471999999999994)	(34, 51.241)	(35, 51.568000000000005)	(36, 51.715)	(37, 49.612)	(38, 51.25300000000001)	(39, 50.139)	(40, 51.883)	(41, 49.431999999999995)	(42, 48.24)	(43, 49.11)	(44, 48.159)	(45, 48.353)	(46, 49.730000000000004)	(47, 49.132)	(48, 48.215)	(49, 50.263000000000005)	(50, 49.74)	(51, 51.385000000000005)	(52, 52.86)	(53, 51.245)	(54, 50.7)	(55, 51.7)	(56, 52.224000000000004)	(57, 50.314)	(58, 48.327999999999996)	(59, 48.857)	(60, 49.504999999999995)	(61, 49.36)	(62, 49.260999999999996)	(63, 50.236000000000004)	(64, 51.586)	(65, 50.915)	(66, 50.781)	(67, 53.663000000000004)	(68, 50.727)	(69, 51.742999999999995)	(70, 52.622)	(71, 51.715)	(72, 51.568000000000005)	(73, 49.462)	(74, 50.754999999999995)	(75, 50.867)	(76, 50.463)	(77, 49.758)	(78, 50.07899999999999)	(79, 50.529999999999994)	(80, 49.661)	(81, 50.93)	(82, 53.0)	(83, 51.815)	(84, 52.336000000000006)	(85, 52.222)	(86, 50.135)	(87, 52.993)	(88, 51.474)	(89, 50.246)	(90, 50.9)	(91, 50.09)	(92, 51.052)	(93, 50.8)	(94, 52.083)	(95, 50.885999999999996)	(96, 51.891)	(97, 53.079)	(98, 51.62)	(99, 52.183)	(100, 51.989)	(101, 50.181)	(102, 51.480000000000004)	(103, 51.217999999999996)	(104, 49.827)	(105, 51.319)	(106, 52.047)	(107, 51.946000000000005)	(108, 52.988)	(109, 51.568999999999996)	(110, 51.717)	(111, 49.897000000000006)	(112, 51.05499999999999)	(113, 52.239999999999995)	(114, 52.354)	(115, 51.87199999999999)	(116, 50.334)	(117, 51.719)	(118, 52.654)	(119, 52.036)	(120, 51.426)	(121, 52.895)	(122, 52.174)	(123, 53.077)	(124, 52.811)	(125, 52.451)	(126, 52.818)	(127, 51.593999999999994)	(128, 52.071999999999996)	(129, 52.144999999999996)	(130, 53.101)	(131, 52.532000000000004)	(132, 52.958000000000006)	(133, 52.364)	(134, 53.141000000000005)	(135, 53.491)	(136, 52.944)	(137, 53.027)	(138, 52.725)	(139, 52.366)	(140, 51.603)	(141, 51.857)	(142, 52.144999999999996)	(143, 51.349000000000004)	(144, 50.995999999999995)	(145, 52.84799999999999)	(146, 52.432)	(147, 52.769999999999996)	(148, 52.479)	(149, 52.839000000000006)	(150, 53.136)
SRR16013073_1.fastq.gz_SRR16013073_2.fastq.gz	(1, 83.261)	(2, 50.46000000000001)	(3, 56.513000000000005)	(4, 49.319)	(5, 47.196)	(6, 47.656)	(7, 40.303)	(8, 48.332)	(9, 45.904)	(10, 45.963)	(11, 57.314)	(12, 52.568000000000005)	(13, 48.435)	(14, 50.986)	(15, 51.488)	(16, 51.581999999999994)	(17, 51.774)	(18, 51.795)	(19, 51.624)	(20, 52.32)	(21, 51.98500000000001)	(22, 51.4)	(23, 49.49)	(24, 51.014)	(25, 51.662)	(26, 51.035)	(27, 50.363)	(28, 52.759)	(29, 53.444)	(30, 53.190000000000005)	(31, 53.647999999999996)	(32, 52.091)	(33, 52.934000000000005)	(34, 51.748000000000005)	(35, 51.94)	(36, 52.364)	(37, 50.015)	(38, 51.785000000000004)	(39, 50.562)	(40, 52.601)	(41, 49.819)	(42, 48.786)	(43, 49.303999999999995)	(44, 47.955999999999996)	(45, 48.629)	(46, 49.942)	(47, 49.128)	(48, 48.592999999999996)	(49, 50.559)	(50, 50.003)	(51, 51.926)	(52, 53.458000000000006)	(53, 50.998)	(54, 50.839)	(55, 52.224000000000004)	(56, 52.754999999999995)	(57, 50.709)	(58, 48.306)	(59, 48.991)	(60, 50.044)	(61, 49.402)	(62, 49.197)	(63, 50.083999999999996)	(64, 52.113)	(65, 51.525)	(66, 51.477)	(67, 54.36)	(68, 50.971)	(69, 52.432)	(70, 53.417)	(71, 51.803)	(72, 51.781)	(73, 49.477)	(74, 51.27)	(75, 51.376)	(76, 51.21)	(77, 50.365)	(78, 50.845)	(79, 50.605)	(80, 50.076)	(81, 51.844)	(82, 53.312000000000005)	(83, 52.239999999999995)	(84, 52.878)	(85, 52.778999999999996)	(86, 50.629999999999995)	(87, 53.672)	(88, 52.092000000000006)	(89, 50.158)	(90, 51.715999999999994)	(91, 50.14999999999999)	(92, 51.604000000000006)	(93, 51.354)	(94, 52.580000000000005)	(95, 50.998)	(96, 52.346000000000004)	(97, 53.339999999999996)	(98, 52.007999999999996)	(99, 52.644000000000005)	(100, 52.120999999999995)	(101, 50.463)	(102, 51.857)	(103, 51.67)	(104, 50.244)	(105, 51.857)	(106, 51.776999999999994)	(107, 52.073)	(108, 53.2)	(109, 52.461999999999996)	(110, 51.79899999999999)	(111, 49.978)	(112, 51.366)	(113, 52.571)	(114, 52.998)	(115, 52.014)	(116, 50.461999999999996)	(117, 52.025)	(118, 53.086999999999996)	(119, 52.239999999999995)	(120, 51.937999999999995)	(121, 52.486999999999995)	(122, 52.927)	(123, 53.309)	(124, 53.282)	(125, 53.086999999999996)	(126, 53.059)	(127, 51.876999999999995)	(128, 52.358000000000004)	(129, 52.370000000000005)	(130, 53.38)	(131, 52.54299999999999)	(132, 53.446000000000005)	(133, 52.688)	(134, 53.34100000000001)	(135, 54.155)	(136, 52.797000000000004)	(137, 53.459)	(138, 52.627)	(139, 52.641000000000005)	(140, 51.893)	(141, 51.653000000000006)	(142, 52.647999999999996)	(143, 51.514)	(144, 51.592000000000006)	(145, 53.151)	(146, 52.439)	(147, 53.239000000000004)	(148, 52.478)	(149, 53.34100000000001)	(150, 53.53)
SRR16013074_1.fastq.gz_SRR16013074_2.fastq.gz	(1, 83.815)	(2, 50.64999999999999)	(3, 56.601)	(4, 49.613)	(5, 47.081)	(6, 47.346)	(7, 40.394999999999996)	(8, 47.771)	(9, 45.796)	(10, 45.623999999999995)	(11, 57.592)	(12, 51.943)	(13, 48.332)	(14, 50.682)	(15, 51.222)	(16, 51.485)	(17, 51.783)	(18, 51.918)	(19, 51.842)	(20, 52.111)	(21, 51.564)	(22, 51.422000000000004)	(23, 49.256)	(24, 50.873999999999995)	(25, 51.608)	(26, 51.275000000000006)	(27, 50.588)	(28, 52.625)	(29, 53.217999999999996)	(30, 53.034000000000006)	(31, 53.848)	(32, 52.053000000000004)	(33, 53.010000000000005)	(34, 51.842)	(35, 51.869)	(36, 52.445)	(37, 50.102000000000004)	(38, 51.212)	(39, 50.807)	(40, 52.249)	(41, 49.778)	(42, 48.837)	(43, 49.492000000000004)	(44, 48.067)	(45, 48.508)	(46, 50.044)	(47, 48.928)	(48, 48.172)	(49, 50.548)	(50, 50.007000000000005)	(51, 52.18899999999999)	(52, 53.15800000000001)	(53, 51.382000000000005)	(54, 51.226000000000006)	(55, 52.04299999999999)	(56, 52.797000000000004)	(57, 50.39)	(58, 48.703)	(59, 48.759)	(60, 49.922)	(61, 49.547000000000004)	(62, 49.386)	(63, 50.066)	(64, 52.064)	(65, 51.458999999999996)	(66, 50.946000000000005)	(67, 54.14099999999999)	(68, 50.829)	(69, 52.722)	(70, 52.806)	(71, 51.57899999999999)	(72, 52.047)	(73, 49.775000000000006)	(74, 50.479)	(75, 51.647)	(76, 50.829)	(77, 50.149)	(78, 50.373000000000005)	(79, 50.709)	(80, 49.775999999999996)	(81, 51.373000000000005)	(82, 53.494)	(83, 51.87500000000001)	(84, 52.351000000000006)	(85, 52.983999999999995)	(86, 50.18899999999999)	(87, 53.64600000000001)	(88, 51.605999999999995)	(89, 50.187000000000005)	(90, 51.263000000000005)	(91, 50.312999999999995)	(92, 51.415)	(93, 51.309000000000005)	(94, 52.639)	(95, 51.303)	(96, 52.395)	(97, 53.434000000000005)	(98, 51.71)	(99, 52.414)	(100, 52.263000000000005)	(101, 50.099000000000004)	(102, 52.205)	(103, 51.681999999999995)	(104, 49.964999999999996)	(105, 51.898999999999994)	(106, 51.785000000000004)	(107, 52.124)	(108, 53.181)	(109, 52.236000000000004)	(110, 52.04)	(111, 50.256)	(112, 51.351)	(113, 52.626)	(114, 52.84799999999999)	(115, 52.071999999999996)	(116, 50.51)	(117, 51.879)	(118, 53.264)	(119, 52.266999999999996)	(120, 51.861000000000004)	(121, 52.79899999999999)	(122, 52.749)	(123, 53.458000000000006)	(124, 52.873000000000005)	(125, 53.044000000000004)	(126, 52.968)	(127, 51.93299999999999)	(128, 52.372)	(129, 51.980000000000004)	(130, 53.542)	(131, 52.956)	(132, 52.991)	(133, 53.08500000000001)	(134, 52.964)	(135, 54.102)	(136, 53.012)	(137, 53.191)	(138, 53.25)	(139, 52.916)	(140, 51.6)	(141, 52.219)	(142, 52.394)	(143, 51.846000000000004)	(144, 51.439)	(145, 52.966)	(146, 52.983999999999995)	(147, 53.388999999999996)	(148, 52.803)	(149, 53.578)	(150, 53.355)
SRR16013082_1.fastq.gz_SRR16013082_2.fastq.gz	(1, 83.918)	(2, 48.746)	(3, 55.910000000000004)	(4, 48.891)	(5, 45.58)	(6, 45.402)	(7, 38.213)	(8, 47.224)	(9, 44.838)	(10, 43.82)	(11, 55.027)	(12, 51.039)	(13, 47.492000000000004)	(14, 49.016999999999996)	(15, 49.613)	(16, 49.685)	(17, 50.257)	(18, 50.57000000000001)	(19, 50.071)	(20, 50.226000000000006)	(21, 49.797999999999995)	(22, 49.6)	(23, 48.150999999999996)	(24, 49.422)	(25, 49.992)	(26, 49.214999999999996)	(27, 49.081)	(28, 50.775999999999996)	(29, 50.608)	(30, 50.913)	(31, 51.373000000000005)	(32, 50.031000000000006)	(33, 51.227999999999994)	(34, 49.664)	(35, 49.799)	(36, 50.294000000000004)	(37, 49.311)	(38, 50.108)	(39, 49.553000000000004)	(40, 50.395)	(41, 48.471)	(42, 48.109)	(43, 48.72)	(44, 47.189)	(45, 47.882000000000005)	(46, 48.726)	(47, 48.232)	(48, 47.884)	(49, 49.385)	(50, 48.603)	(51, 50.759)	(52, 51.17699999999999)	(53, 49.328)	(54, 49.968)	(55, 50.036)	(56, 50.734)	(57, 49.726)	(58, 48.187000000000005)	(59, 48.431000000000004)	(60, 48.569)	(61, 48.471)	(62, 48.541000000000004)	(63, 49.419999999999995)	(64, 50.747)	(65, 49.793)	(66, 49.602000000000004)	(67, 51.676)	(68, 49.164)	(69, 50.646)	(70, 50.971999999999994)	(71, 49.842999999999996)	(72, 50.663000000000004)	(73, 48.69)	(74, 49.417)	(75, 50.123)	(76, 49.28)	(77, 49.001)	(78, 49.620999999999995)	(79, 49.415)	(80, 48.512)	(81, 49.825)	(82, 51.193999999999996)	(83, 50.497)	(84, 51.28)	(85, 50.583)	(86, 48.901)	(87, 51.300999999999995)	(88, 49.675000000000004)	(89, 49.174)	(90, 49.489)	(91, 49.51)	(92, 49.88)	(93, 50.342)	(94, 50.027)	(95, 49.089)	(96, 50.815999999999995)	(97, 50.982000000000006)	(98, 50.285999999999994)	(99, 50.806)	(100, 50.596)	(101, 49.685)	(102, 50.566)	(103, 49.723)	(104, 48.65)	(105, 50.260000000000005)	(106, 50.466)	(107, 50.707)	(108, 51.132)	(109, 50.193)	(110, 50.190999999999995)	(111, 49.481)	(112, 49.741)	(113, 50.88)	(114, 51.083999999999996)	(115, 50.558)	(116, 49.181999999999995)	(117, 50.561)	(118, 51.207)	(119, 50.232)	(120, 50.288999999999994)	(121, 51.229)	(122, 50.77199999999999)	(123, 51.615)	(124, 50.956)	(125, 50.929)	(126, 51.26500000000001)	(127, 49.82)	(128, 50.376)	(129, 50.42100000000001)	(130, 51.186)	(131, 50.629000000000005)	(132, 50.601)	(133, 50.207)	(134, 50.6)	(135, 51.444)	(136, 50.644)	(137, 50.438)	(138, 50.478)	(139, 50.455000000000005)	(140, 49.172)	(141, 50.188)	(142, 49.678)	(143, 49.354)	(144, 49.105)	(145, 50.092999999999996)	(146, 50.259)	(147, 50.405)	(148, 50.016000000000005)	(149, 50.426)	(150, 50.245)
SRR16013083_1.fastq.gz_SRR16013083_2.fastq.gz	(1, 84.174)	(2, 48.878)	(3, 56.408)	(4, 48.567)	(5, 46.298)	(6, 46.025)	(7, 38.252)	(8, 47.553)	(9, 44.755)	(10, 43.836000000000006)	(11, 55.437999999999995)	(12, 51.373999999999995)	(13, 47.926)	(14, 48.835)	(15, 50.483999999999995)	(16, 50.137)	(17, 50.829)	(18, 50.348000000000006)	(19, 50.29)	(20, 50.538000000000004)	(21, 50.563)	(22, 49.923)	(23, 48.782)	(24, 49.99)	(25, 50.414)	(26, 49.623)	(27, 49.702)	(28, 50.897999999999996)	(29, 51.273)	(30, 51.25999999999999)	(31, 51.642999999999994)	(32, 50.480999999999995)	(33, 51.575)	(34, 50.318)	(35, 50.580000000000005)	(36, 50.67)	(37, 49.372)	(38, 50.283)	(39, 49.583)	(40, 50.885999999999996)	(41, 48.832)	(42, 48.332)	(43, 48.412)	(44, 47.621)	(45, 48.388)	(46, 49.068)	(47, 48.347)	(48, 48.089)	(49, 49.407000000000004)	(50, 48.795)	(51, 51.1)	(52, 51.361999999999995)	(53, 49.870999999999995)	(54, 49.822)	(55, 50.559)	(56, 51.134)	(57, 50.102000000000004)	(58, 48.205999999999996)	(59, 48.596000000000004)	(60, 48.613)	(61, 48.841)	(62, 48.988)	(63, 49.325)	(64, 50.932)	(65, 49.864000000000004)	(66, 50.23800000000001)	(67, 51.917)	(68, 49.282)	(69, 51.513)	(70, 51.032999999999994)	(71, 50.497)	(72, 50.882000000000005)	(73, 48.646)	(74, 49.515)	(75, 50.46000000000001)	(76, 49.812)	(77, 49.13)	(78, 49.51)	(79, 49.807)	(80, 49.11)	(81, 50.195)	(82, 51.888999999999996)	(83, 50.79900000000001)	(84, 51.339999999999996)	(85, 51.215999999999994)	(86, 49.309)	(87, 51.707)	(88, 50.461999999999996)	(89, 49.419000000000004)	(90, 49.803999999999995)	(91, 49.69)	(92, 50.123)	(93, 50.661)	(94, 51.286)	(95, 49.891999999999996)	(96, 50.663000000000004)	(97, 51.487)	(98, 50.455000000000005)	(99, 50.988)	(100, 51.004000000000005)	(101, 49.608000000000004)	(102, 51.08200000000001)	(103, 50.151999999999994)	(104, 49.220000000000006)	(105, 50.56699999999999)	(106, 50.70099999999999)	(107, 51.22)	(108, 51.382000000000005)	(109, 50.865)	(110, 50.21600000000001)	(111, 49.664)	(112, 50.544999999999995)	(113, 50.982000000000006)	(114, 51.563)	(115, 50.771)	(116, 49.449)	(117, 51.039)	(118, 51.44)	(119, 50.788999999999994)	(120, 50.243)	(121, 51.495000000000005)	(122, 51.266)	(123, 51.83)	(124, 51.11599999999999)	(125, 51.11599999999999)	(126, 51.473)	(127, 50.68899999999999)	(128, 50.824000000000005)	(129, 50.944)	(130, 51.915)	(131, 50.509)	(132, 51.476)	(133, 50.846000000000004)	(134, 51.104000000000006)	(135, 52.053000000000004)	(136, 50.904)	(137, 51.598)	(138, 50.92)	(139, 51.00599999999999)	(140, 50.259)	(141, 50.794)	(142, 50.941)	(143, 49.975)	(144, 50.342)	(145, 51.373999999999995)	(146, 51.361000000000004)	(147, 51.891)	(148, 51.037)	(149, 51.559)	(150, 51.466)
SRR16013084_1.fastq.gz_SRR16013084_2.fastq.gz	(1, 83.99)	(2, 48.823)	(3, 56.324)	(4, 49.096000000000004)	(5, 46.075)	(6, 46.232)	(7, 38.198)	(8, 47.226)	(9, 44.747)	(10, 44.179)	(11, 55.337)	(12, 51.771)	(13, 47.982)	(14, 49.167)	(15, 50.4)	(16, 50.217)	(17, 50.709)	(18, 50.793)	(19, 50.516000000000005)	(20, 50.602999999999994)	(21, 50.785000000000004)	(22, 50.275999999999996)	(23, 48.765)	(24, 50.017999999999994)	(25, 49.948)	(26, 50.105)	(27, 49.545)	(28, 51.11)	(29, 51.294)	(30, 51.81400000000001)	(31, 52.018)	(32, 50.852)	(33, 51.66)	(34, 50.273)	(35, 50.800999999999995)	(36, 51.119)	(37, 48.983)	(38, 50.312999999999995)	(39, 49.818)	(40, 50.859)	(41, 48.754)	(42, 48.403)	(43, 48.653999999999996)	(44, 47.674)	(45, 48.341)	(46, 49.147999999999996)	(47, 48.549)	(48, 48.384)	(49, 49.137)	(50, 48.964999999999996)	(51, 51.187000000000005)	(52, 51.456999999999994)	(53, 50.20400000000001)	(54, 50.259)	(55, 50.559)	(56, 51.585)	(57, 50.022999999999996)	(58, 48.329)	(59, 48.337)	(60, 49.096000000000004)	(61, 48.8)	(62, 49.007)	(63, 49.714999999999996)	(64, 50.93299999999999)	(65, 50.196)	(66, 50.044)	(67, 52.602000000000004)	(68, 49.331)	(69, 51.596)	(70, 51.202000000000005)	(71, 50.665000000000006)	(72, 51.157)	(73, 48.691)	(74, 49.657000000000004)	(75, 50.429)	(76, 50.117)	(77, 49.303999999999995)	(78, 49.469)	(79, 49.47)	(80, 49.137)	(81, 50.529)	(82, 51.864)	(83, 50.991)	(84, 51.654999999999994)	(85, 51.235)	(86, 49.433)	(87, 52.01)	(88, 50.345)	(89, 49.788)	(90, 50.185)	(91, 49.571)	(92, 50.527)	(93, 51.022)	(94, 51.156)	(95, 49.899)	(96, 50.76199999999999)	(97, 51.481)	(98, 50.519000000000005)	(99, 51.148)	(100, 51.236000000000004)	(101, 49.730999999999995)	(102, 51.25300000000001)	(103, 50.39900000000001)	(104, 48.859)	(105, 50.77700000000001)	(106, 50.661)	(107, 51.349999999999994)	(108, 51.622)	(109, 50.79900000000001)	(110, 50.63999999999999)	(111, 49.684)	(112, 50.132)	(113, 51.105999999999995)	(114, 51.441)	(115, 50.82299999999999)	(116, 49.534)	(117, 51.148)	(118, 51.662)	(119, 50.827)	(120, 50.531000000000006)	(121, 51.21)	(122, 51.044)	(123, 52.019000000000005)	(124, 51.23)	(125, 51.38)	(126, 51.537)	(127, 50.312)	(128, 51.05800000000001)	(129, 50.631)	(130, 51.602000000000004)	(131, 50.943000000000005)	(132, 51.333)	(133, 50.849999999999994)	(134, 51.266)	(135, 51.905)	(136, 51.413)	(137, 51.080000000000005)	(138, 50.912)	(139, 51.153999999999996)	(140, 50.159)	(141, 50.666999999999994)	(142, 50.663000000000004)	(143, 50.192)	(144, 50.143)	(145, 50.77700000000001)	(146, 51.315)	(147, 51.458999999999996)	(148, 50.63999999999999)	(149, 51.57899999999999)	(150, 51.345)
SRR16013090_1.fastq.gz_SRR16013090_2.fastq.gz	(1, 84.41300000000001)	(2, 53.849000000000004)	(3, 54.184)	(4, 50.105)	(5, 47.116)	(6, 48.055)	(7, 41.326)	(8, 48.007)	(9, 45.433)	(10, 47.238)	(11, 57.785)	(12, 52.759)	(13, 48.642)	(14, 51.168)	(15, 53.195)	(16, 51.854)	(17, 52.39)	(18, 52.807)	(19, 51.171)	(20, 52.417)	(21, 52.672)	(22, 51.845)	(23, 50.342)	(24, 52.007000000000005)	(25, 51.288)	(26, 51.969)	(27, 50.669)	(28, 52.717000000000006)	(29, 53.94)	(30, 52.910999999999994)	(31, 54.903999999999996)	(32, 52.808)	(33, 53.388999999999996)	(34, 52.782)	(35, 52.689)	(36, 52.808)	(37, 49.99)	(38, 51.449)	(39, 51.247)	(40, 52.442)	(41, 50.202999999999996)	(42, 48.361)	(43, 49.99)	(44, 48.736000000000004)	(45, 47.679)	(46, 50.066)	(47, 49.915)	(48, 48.154)	(49, 50.99)	(50, 50.085)	(51, 52.71)	(52, 53.269999999999996)	(53, 52.127)	(54, 52.07000000000001)	(55, 51.796)	(56, 53.74100000000001)	(57, 51.224000000000004)	(58, 48.147)	(59, 49.244)	(60, 49.666)	(61, 50.047)	(62, 50.014)	(63, 50.358000000000004)	(64, 52.55499999999999)	(65, 51.99399999999999)	(66, 51.29)	(67, 54.186)	(68, 51.343)	(69, 53.232)	(70, 53.286)	(71, 52.38)	(72, 52.73)	(73, 49.431000000000004)	(74, 50.918)	(75, 51.888999999999996)	(76, 51.64)	(77, 50.648)	(78, 50.056)	(79, 51.137)	(80, 50.129999999999995)	(81, 51.713)	(82, 54.099)	(83, 52.258)	(84, 53.413999999999994)	(85, 53.413)	(86, 50.221000000000004)	(87, 53.876999999999995)	(88, 52.516)	(89, 50.331)	(90, 51.77)	(91, 50.21600000000001)	(92, 51.894)	(93, 52.107000000000006)	(94, 52.705999999999996)	(95, 50.687000000000005)	(96, 53.146)	(97, 54.07300000000001)	(98, 52.001)	(99, 52.581999999999994)	(100, 52.556000000000004)	(101, 50.442)	(102, 52.048)	(103, 52.32599999999999)	(104, 50.788)	(105, 51.995000000000005)	(106, 52.370000000000005)	(107, 52.007000000000005)	(108, 53.191)	(109, 52.87)	(110, 51.878)	(111, 49.976)	(112, 50.999)	(113, 52.275000000000006)	(114, 53.319)	(115, 51.5)	(116, 50.346000000000004)	(117, 52.876)	(118, 52.398999999999994)	(119, 51.841)	(120, 51.383)	(121, 51.895)	(122, 52.317)	(123, 52.510999999999996)	(124, 52.10900000000001)	(125, 52.117000000000004)	(126, 51.662)	(127, 50.83)	(128, 50.946000000000005)	(129, 51.096)	(130, 52.219)	(131, 50.769)	(132, 51.858000000000004)	(133, 50.81099999999999)	(134, 51.55)	(135, 52.410000000000004)	(136, 50.757)	(137, 50.42)	(138, 50.712999999999994)	(139, 50.368)	(140, 49.412)	(141, 49.461)	(142, 50.376)	(143, 49.476)	(144, 48.91)	(145, 50.308)	(146, 49.941)	(147, 50.475)	(148, 49.867)	(149, 50.612)	(150, 50.321000000000005)
