Sample	0	1	2	3	4	5	6	7	8	9	10	11	12	13	14	15	16	17	18	19	20	21	22	23	24	25	26	27	28	29	30	31	32	33	34	35	36	37	38	39	40	41	42	43	44	45	46	47	48	49	50	51	52	53	54	55	56	57	58	59	60	61	62	63	64	65	66	67	68	69	70	71	72	73	74	75	76	77	78	79	80	81	82	83	84	85	86	87	88	89	90	91	92	93	94	95	96	97	98	99	100	101	102	103	104	105	106	107	108	109	110	111	112	113	114	115	116	117	118	119	120	121	122	123	124	125	126	127	128	129	130	131	132	133	134	135	136	137	138	139	140	141	142	143	144	145	146	147	148	149
SRR16013048_1.fastq.gz_SRR16013048_2.fastq.gz	(1, 35.9697)	(2, 35.7962)	(3, 35.701)	(4, 35.6897)	(5, 35.6055)	(6, 35.4991)	(7, 35.477)	(8, 35.4541)	(9, 35.412)	(10, 35.3421)	(11, 35.3044)	(12, 35.2783)	(13, 35.2761)	(14, 35.2278)	(15, 35.1582)	(16, 35.1235)	(17, 35.1043)	(18, 35.0222)	(19, 35.0143)	(20, 35.008)	(21, 34.9818)	(22, 34.9553)	(23, 34.9277)	(24, 34.8736)	(25, 34.899)	(26, 34.891)	(27, 34.8047)	(28, 34.7166)	(29, 34.7179)	(30, 34.6578)	(31, 34.6631)	(32, 34.6715)	(33, 34.667)	(34, 34.6459)	(35, 34.6552)	(36, 34.6743)	(37, 34.6574)	(38, 34.638)	(39, 34.6689)	(40, 34.6413)	(41, 34.6447)	(42, 34.6483)	(43, 34.6643)	(44, 34.6563)	(45, 34.6697)	(46, 34.6803)	(47, 34.6626)	(48, 34.6309)	(49, 34.6432)	(50, 34.6801)	(51, 34.6319)	(52, 34.6155)	(53, 34.6377)	(54, 34.6349)	(55, 34.636)	(56, 34.642)	(57, 34.6433)	(58, 34.61)	(59, 34.5919)	(60, 34.6057)	(61, 34.5891)	(62, 34.6188)	(63, 34.5662)	(64, 34.5431)	(65, 34.529)	(66, 34.5565)	(67, 34.5316)	(68, 34.5339)	(69, 34.5956)	(70, 34.5529)	(71, 34.542)	(72, 34.5322)	(73, 34.5728)	(74, 34.4996)	(75, 34.5387)	(76, 34.5461)	(77, 34.5552)	(78, 34.5529)	(79, 34.5522)	(80, 34.5062)	(81, 34.5339)	(82, 34.4806)	(83, 34.5076)	(84, 34.5089)	(85, 34.4894)	(86, 34.5113)	(87, 34.508)	(88, 34.5065)	(89, 34.4451)	(90, 34.4579)	(91, 34.4788)	(92, 34.4796)	(93, 34.4116)	(94, 34.4044)	(95, 34.4704)	(96, 34.4316)	(97, 34.5302)	(98, 34.4863)	(99, 34.429)	(100, 34.4578)	(101, 34.4431)	(102, 34.4426)	(103, 34.3795)	(104, 34.3709)	(105, 34.3568)	(106, 34.4004)	(107, 34.3988)	(108, 34.3552)	(109, 34.4079)	(110, 34.3135)	(111, 34.2347)	(112, 34.2042)	(113, 34.3393)	(114, 34.3042)	(115, 34.2054)	(116, 34.2303)	(117, 34.2571)	(118, 34.1805)	(119, 34.2264)	(120, 34.2426)	(121, 34.1658)	(122, 34.1795)	(123, 34.1854)	(124, 34.2113)	(125, 34.1473)	(126, 34.1745)	(127, 34.1275)	(128, 34.0933)	(129, 34.0438)	(130, 34.0109)	(131, 33.9328)	(132, 33.9735)	(133, 33.9116)	(134, 33.8808)	(135, 33.9107)	(136, 33.8556)	(137, 33.8105)	(138, 33.6799)	(139, 33.6671)	(140, 33.5322)	(141, 33.5494)	(142, 33.5088)	(143, 33.449)	(144, 33.301)	(145, 33.3725)	(146, 33.3503)	(147, 33.3492)	(148, 33.1687)	(149, 33.1249)	(150, 33.0651)
SRR16013050_1.fastq.gz_SRR16013050_2.fastq.gz	(1, 36.1482)	(2, 35.9682)	(3, 35.9282)	(4, 35.8782)	(5, 35.845)	(6, 35.7519)	(7, 35.7432)	(8, 35.7566)	(9, 35.7289)	(10, 35.6513)	(11, 35.6896)	(12, 35.5474)	(13, 35.5706)	(14, 35.5425)	(15, 35.5007)	(16, 35.5065)	(17, 35.4514)	(18, 35.4539)	(19, 35.4292)	(20, 35.3832)	(21, 35.3791)	(22, 35.3703)	(23, 35.3435)	(24, 35.3149)	(25, 35.3277)	(26, 35.2748)	(27, 35.2108)	(28, 35.1776)	(29, 35.1877)	(30, 35.1558)	(31, 35.1606)	(32, 35.1499)	(33, 35.1346)	(34, 35.1408)	(35, 35.1159)	(36, 35.136)	(37, 35.1339)	(38, 35.1279)	(39, 35.1203)	(40, 35.1668)	(41, 35.1358)	(42, 35.1408)	(43, 35.1257)	(44, 35.1158)	(45, 35.1167)	(46, 35.133)	(47, 35.1488)	(48, 35.1249)	(49, 35.1246)	(50, 35.0984)	(51, 35.1238)	(52, 35.0794)	(53, 35.1077)	(54, 35.1139)	(55, 35.0905)	(56, 35.0879)	(57, 35.1432)	(58, 35.079)	(59, 35.0704)	(60, 35.0934)	(61, 35.0789)	(62, 35.1169)	(63, 35.0396)	(64, 35.0313)	(65, 35.0056)	(66, 35.0262)	(67, 34.9986)	(68, 35.0086)	(69, 35.0475)	(70, 35.0704)	(71, 34.9953)	(72, 35.0025)	(73, 35.0272)	(74, 35.0113)	(75, 35.0234)	(76, 35.0162)	(77, 34.9985)	(78, 35.011)	(79, 35.0379)	(80, 34.9975)	(81, 34.9874)	(82, 34.9819)	(83, 34.9947)	(84, 34.9772)	(85, 35.0207)	(86, 35.0007)	(87, 34.9877)	(88, 34.9803)	(89, 34.9265)	(90, 34.9742)	(91, 34.972)	(92, 34.9741)	(93, 34.913)	(94, 34.8845)	(95, 34.9535)	(96, 34.9174)	(97, 34.9843)	(98, 34.995)	(99, 34.946)	(100, 34.9298)	(101, 34.9436)	(102, 34.9087)	(103, 34.8555)	(104, 34.8961)	(105, 34.8755)	(106, 34.9097)	(107, 34.9255)	(108, 34.8757)	(109, 34.9257)	(110, 34.8293)	(111, 34.7781)	(112, 34.7503)	(113, 34.8271)	(114, 34.8374)	(115, 34.6939)	(116, 34.7782)	(117, 34.766)	(118, 34.6779)	(119, 34.7583)	(120, 34.7613)	(121, 34.7245)	(122, 34.7481)	(123, 34.7436)	(124, 34.7126)	(125, 34.7685)	(126, 34.743)	(127, 34.7316)	(128, 34.6826)	(129, 34.6314)	(130, 34.6374)	(131, 34.5756)	(132, 34.6361)	(133, 34.5454)	(134, 34.4902)	(135, 34.5763)	(136, 34.5308)	(137, 34.4472)	(138, 34.3057)	(139, 34.3476)	(140, 34.2395)	(141, 34.2735)	(142, 34.2645)	(143, 34.1737)	(144, 34.0571)	(145, 34.1344)	(146, 34.1172)	(147, 34.1184)	(148, 34.0)	(149, 33.8982)	(150, 33.8702)
SRR16013054_1.fastq.gz_SRR16013054_2.fastq.gz	(1, 36.0111)	(2, 35.8021)	(3, 35.7591)	(4, 35.7509)	(5, 35.6968)	(6, 35.6077)	(7, 35.5623)	(8, 35.5992)	(9, 35.5415)	(10, 35.4333)	(11, 35.4744)	(12, 35.3812)	(13, 35.3457)	(14, 35.3613)	(15, 35.2798)	(16, 35.2583)	(17, 35.2008)	(18, 35.2009)	(19, 35.1796)	(20, 35.1133)	(21, 35.1403)	(22, 35.1081)	(23, 35.0582)	(24, 35.0492)	(25, 35.0467)	(26, 35.0213)	(27, 34.9079)	(28, 34.8477)	(29, 34.8283)	(30, 34.7953)	(31, 34.7948)	(32, 34.8082)	(33, 34.8114)	(34, 34.7689)	(35, 34.7581)	(36, 34.7796)	(37, 34.7684)	(38, 34.7966)	(39, 34.7696)	(40, 34.7549)	(41, 34.7792)	(42, 34.7837)	(43, 34.7707)	(44, 34.7822)	(45, 34.745)	(46, 34.7879)	(47, 34.7922)	(48, 34.7129)	(49, 34.7616)	(50, 34.7366)	(51, 34.7569)	(52, 34.7167)	(53, 34.743)	(54, 34.7523)	(55, 34.7071)	(56, 34.7577)	(57, 34.7353)	(58, 34.7229)	(59, 34.735)	(60, 34.6973)	(61, 34.6993)	(62, 34.7081)	(63, 34.6239)	(64, 34.6322)	(65, 34.5971)	(66, 34.6492)	(67, 34.6264)	(68, 34.6063)	(69, 34.6713)	(70, 34.6295)	(71, 34.625)	(72, 34.6311)	(73, 34.6362)	(74, 34.6047)	(75, 34.602)	(76, 34.6103)	(77, 34.5965)	(78, 34.6243)	(79, 34.6152)	(80, 34.6072)	(81, 34.6258)	(82, 34.5417)	(83, 34.575)	(84, 34.5895)	(85, 34.5807)	(86, 34.5829)	(87, 34.5856)	(88, 34.5583)	(89, 34.4594)	(90, 34.5192)	(91, 34.5427)	(92, 34.5013)	(93, 34.4585)	(94, 34.4336)	(95, 34.4888)	(96, 34.4707)	(97, 34.5383)	(98, 34.5156)	(99, 34.4661)	(100, 34.4028)	(101, 34.4827)	(102, 34.3914)	(103, 34.3422)	(104, 34.3336)	(105, 34.3385)	(106, 34.4079)	(107, 34.3497)	(108, 34.316)	(109, 34.3556)	(110, 34.241)	(111, 34.1604)	(112, 34.1014)	(113, 34.1444)	(114, 34.1296)	(115, 33.9899)	(116, 34.0658)	(117, 34.0632)	(118, 33.9459)	(119, 33.9831)	(120, 33.9943)	(121, 33.8491)	(122, 33.8574)	(123, 33.8709)	(124, 33.8221)	(125, 33.7517)	(126, 33.7627)	(127, 33.6561)	(128, 33.6092)	(129, 33.4697)	(130, 33.4197)	(131, 33.3364)	(132, 33.3628)	(133, 33.2117)	(134, 33.1481)	(135, 33.1739)	(136, 33.0246)	(137, 32.9136)	(138, 32.6712)	(139, 32.6493)	(140, 32.4961)	(141, 32.4043)	(142, 32.4198)	(143, 32.2252)	(144, 32.0479)	(145, 32.0371)	(146, 32.0204)	(147, 31.8945)	(148, 31.7789)	(149, 31.627)	(150, 31.5524)
SRR16013056_1.fastq.gz_SRR16013056_2.fastq.gz	(1, 36.0962)	(2, 35.901)	(3, 35.8505)	(4, 35.8282)	(5, 35.756)	(6, 35.6906)	(7, 35.6538)	(8, 35.6863)	(9, 35.6266)	(10, 35.5769)	(11, 35.551)	(12, 35.5036)	(13, 35.4609)	(14, 35.4463)	(15, 35.4096)	(16, 35.3883)	(17, 35.3002)	(18, 35.303)	(19, 35.2974)	(20, 35.2637)	(21, 35.2584)	(22, 35.2326)	(23, 35.2074)	(24, 35.1664)	(25, 35.1721)	(26, 35.1532)	(27, 35.0715)	(28, 34.9913)	(29, 35.0263)	(30, 34.9721)	(31, 34.968)	(32, 34.9477)	(33, 34.9618)	(34, 34.953)	(35, 34.9302)	(36, 34.9566)	(37, 34.9658)	(38, 34.9368)	(39, 34.946)	(40, 34.9547)	(41, 34.9214)	(42, 34.9219)	(43, 34.9676)	(44, 34.9608)	(45, 34.9108)	(46, 34.9499)	(47, 34.9571)	(48, 34.9357)	(49, 34.9235)	(50, 34.942)	(51, 34.9363)	(52, 34.9132)	(53, 34.9349)	(54, 34.9389)	(55, 34.9277)	(56, 34.9159)	(57, 34.8964)	(58, 34.9176)	(59, 34.8863)	(60, 34.9128)	(61, 34.9354)	(62, 34.9005)	(63, 34.8462)	(64, 34.8501)	(65, 34.8308)	(66, 34.8219)	(67, 34.81)	(68, 34.8317)	(69, 34.8741)	(70, 34.8599)	(71, 34.8206)	(72, 34.845)	(73, 34.8241)	(74, 34.8189)	(75, 34.8288)	(76, 34.811)	(77, 34.8078)	(78, 34.8219)	(79, 34.8252)	(80, 34.802)	(81, 34.8289)	(82, 34.761)	(83, 34.8072)	(84, 34.7756)	(85, 34.8391)	(86, 34.7959)	(87, 34.8115)	(88, 34.7816)	(89, 34.7049)	(90, 34.7603)	(91, 34.7934)	(92, 34.754)	(93, 34.7122)	(94, 34.7057)	(95, 34.7465)	(96, 34.7261)	(97, 34.7682)	(98, 34.7847)	(99, 34.7132)	(100, 34.724)	(101, 34.6976)	(102, 34.6746)	(103, 34.6482)	(104, 34.6452)	(105, 34.6269)	(106, 34.6338)	(107, 34.6474)	(108, 34.5938)	(109, 34.6578)	(110, 34.5693)	(111, 34.4592)	(112, 34.4673)	(113, 34.5255)	(114, 34.4986)	(115, 34.3983)	(116, 34.4541)	(117, 34.4993)	(118, 34.343)	(119, 34.4033)	(120, 34.4304)	(121, 34.3333)	(122, 34.3343)	(123, 34.3445)	(124, 34.3092)	(125, 34.2649)	(126, 34.238)	(127, 34.1968)	(128, 34.1778)	(129, 34.1323)	(130, 34.0444)	(131, 33.9654)	(132, 33.9975)	(133, 33.9152)	(134, 33.7934)	(135, 33.788)	(136, 33.7106)	(137, 33.6419)	(138, 33.4551)	(139, 33.4765)	(140, 33.3064)	(141, 33.2558)	(142, 33.2022)	(143, 33.06)	(144, 32.8799)	(145, 32.8721)	(146, 32.8245)	(147, 32.7277)	(148, 32.6063)	(149, 32.4635)	(150, 32.3477)
SRR16013070_1.fastq.gz_SRR16013070_2.fastq.gz	(1, 35.891)	(2, 35.7022)	(3, 35.6168)	(4, 35.5969)	(5, 35.5094)	(6, 35.3901)	(7, 35.35)	(8, 35.2906)	(9, 35.2623)	(10, 35.1711)	(11, 35.1725)	(12, 35.0495)	(13, 35.0983)	(14, 35.0399)	(15, 34.9973)	(16, 34.9695)	(17, 34.8991)	(18, 34.854)	(19, 34.8146)	(20, 34.8021)	(21, 34.7779)	(22, 34.7645)	(23, 34.7048)	(24, 34.644)	(25, 34.6517)	(26, 34.6421)	(27, 34.5644)	(28, 34.4971)	(29, 34.4949)	(30, 34.4561)	(31, 34.4301)	(32, 34.4495)	(33, 34.4855)	(34, 34.4292)	(35, 34.4125)	(36, 34.4424)	(37, 34.426)	(38, 34.447)	(39, 34.4436)	(40, 34.452)	(41, 34.4645)	(42, 34.4013)	(43, 34.4428)	(44, 34.4898)	(45, 34.4369)	(46, 34.4488)	(47, 34.4957)	(48, 34.4001)	(49, 34.4256)	(50, 34.4681)	(51, 34.4572)	(52, 34.4315)	(53, 34.4201)	(54, 34.4844)	(55, 34.4242)	(56, 34.468)	(57, 34.4297)	(58, 34.4243)	(59, 34.415)	(60, 34.4079)	(61, 34.404)	(62, 34.4395)	(63, 34.377)	(64, 34.3097)	(65, 34.3203)	(66, 34.3331)	(67, 34.325)	(68, 34.2898)	(69, 34.3817)	(70, 34.3382)	(71, 34.3329)	(72, 34.349)	(73, 34.3358)	(74, 34.3145)	(75, 34.3253)	(76, 34.3505)	(77, 34.3066)	(78, 34.3387)	(79, 34.3481)	(80, 34.3165)	(81, 34.3392)	(82, 34.2475)	(83, 34.3131)	(84, 34.2918)	(85, 34.3272)	(86, 34.2921)	(87, 34.3128)	(88, 34.287)	(89, 34.1614)	(90, 34.2472)	(91, 34.3239)	(92, 34.2732)	(93, 34.2402)	(94, 34.1978)	(95, 34.2283)	(96, 34.2259)	(97, 34.2541)	(98, 34.2546)	(99, 34.2118)	(100, 34.1914)	(101, 34.2058)	(102, 34.1509)	(103, 34.1093)	(104, 34.1578)	(105, 34.0906)	(106, 34.1144)	(107, 34.1652)	(108, 34.0939)	(109, 34.1737)	(110, 34.0549)	(111, 33.9983)	(112, 33.94)	(113, 34.0335)	(114, 33.9943)	(115, 33.8441)	(116, 33.9034)	(117, 33.9641)	(118, 33.8483)	(119, 33.8623)	(120, 33.8498)	(121, 33.7965)	(122, 33.7671)	(123, 33.7678)	(124, 33.7392)	(125, 33.6732)	(126, 33.684)	(127, 33.6092)	(128, 33.5337)	(129, 33.493)	(130, 33.4283)	(131, 33.343)	(132, 33.3901)	(133, 33.2642)	(134, 33.2043)	(135, 33.1868)	(136, 33.1077)	(137, 33.0183)	(138, 32.8111)	(139, 32.8437)	(140, 32.6808)	(141, 32.5941)	(142, 32.5527)	(143, 32.4036)	(144, 32.2088)	(145, 32.2623)	(146, 32.2056)	(147, 32.1515)	(148, 32.0133)	(149, 31.8869)	(150, 31.7754)
SRR16013072_1.fastq.gz_SRR16013072_2.fastq.gz	(1, 36.004)	(2, 35.7783)	(3, 35.6905)	(4, 35.6778)	(5, 35.6076)	(6, 35.5038)	(7, 35.4814)	(8, 35.4507)	(9, 35.3719)	(10, 35.3097)	(11, 35.3606)	(12, 35.2476)	(13, 35.2473)	(14, 35.2182)	(15, 35.1552)	(16, 35.1238)	(17, 35.0599)	(18, 35.0028)	(19, 35.025)	(20, 34.9587)	(21, 35.0022)	(22, 34.9712)	(23, 34.8735)	(24, 34.8667)	(25, 34.8429)	(26, 34.8337)	(27, 34.8199)	(28, 34.7031)	(29, 34.7188)	(30, 34.6758)	(31, 34.6508)	(32, 34.6628)	(33, 34.6972)	(34, 34.6567)	(35, 34.6441)	(36, 34.6588)	(37, 34.6285)	(38, 34.649)	(39, 34.6326)	(40, 34.6551)	(41, 34.6411)	(42, 34.5796)	(43, 34.6378)	(44, 34.6629)	(45, 34.6212)	(46, 34.6368)	(47, 34.6522)	(48, 34.6113)	(49, 34.6423)	(50, 34.6537)	(51, 34.6221)	(52, 34.6167)	(53, 34.6557)	(54, 34.6368)	(55, 34.6052)	(56, 34.6476)	(57, 34.6146)	(58, 34.634)	(59, 34.5712)	(60, 34.6115)	(61, 34.5928)	(62, 34.6146)	(63, 34.5595)	(64, 34.4927)	(65, 34.5109)	(66, 34.5344)	(67, 34.5131)	(68, 34.5071)	(69, 34.6095)	(70, 34.5815)	(71, 34.5081)	(72, 34.5492)	(73, 34.5426)	(74, 34.5133)	(75, 34.5114)	(76, 34.5123)	(77, 34.5145)	(78, 34.5221)	(79, 34.5396)	(80, 34.4749)	(81, 34.4825)	(82, 34.4336)	(83, 34.533)	(84, 34.4733)	(85, 34.5252)	(86, 34.48)	(87, 34.5025)	(88, 34.4792)	(89, 34.3799)	(90, 34.446)	(91, 34.4607)	(92, 34.4474)	(93, 34.4012)	(94, 34.3989)	(95, 34.4026)	(96, 34.3954)	(97, 34.43)	(98, 34.4457)	(99, 34.4016)	(100, 34.3785)	(101, 34.3808)	(102, 34.3208)	(103, 34.3159)	(104, 34.2756)	(105, 34.2402)	(106, 34.3387)	(107, 34.2833)	(108, 34.2546)	(109, 34.2635)	(110, 34.2179)	(111, 34.1677)	(112, 34.0876)	(113, 34.1603)	(114, 34.1656)	(115, 34.07)	(116, 34.0489)	(117, 34.1225)	(118, 33.9671)	(119, 34.0518)	(120, 34.0487)	(121, 34.0392)	(122, 34.0256)	(123, 33.9613)	(124, 33.9199)	(125, 33.904)	(126, 33.8687)	(127, 33.8266)	(128, 33.8205)	(129, 33.7202)	(130, 33.7191)	(131, 33.5862)	(132, 33.5905)	(133, 33.5224)	(134, 33.456)	(135, 33.433)	(136, 33.3869)	(137, 33.2437)	(138, 33.1105)	(139, 33.134)	(140, 32.9811)	(141, 32.9382)	(142, 32.9364)	(143, 32.7715)	(144, 32.5805)	(145, 32.5803)	(146, 32.5501)	(147, 32.5816)	(148, 32.3523)	(149, 32.2774)	(150, 32.2485)
SRR16013073_1.fastq.gz_SRR16013073_2.fastq.gz	(1, 35.9862)	(2, 35.7233)	(3, 35.6337)	(4, 35.6594)	(5, 35.6671)	(6, 35.5467)	(7, 35.5061)	(8, 35.479)	(9, 35.4175)	(10, 35.3477)	(11, 35.4254)	(12, 35.2828)	(13, 35.1934)	(14, 35.1895)	(15, 35.1591)	(16, 35.1377)	(17, 35.0431)	(18, 34.9597)	(19, 34.9678)	(20, 34.9304)	(21, 34.9191)	(22, 34.9423)	(23, 34.82)	(24, 34.8174)	(25, 34.8665)	(26, 34.884)	(27, 34.8213)	(28, 34.7968)	(29, 34.8158)	(30, 34.7988)	(31, 34.772)	(32, 34.7396)	(33, 34.7331)	(34, 34.6646)	(35, 34.6703)	(36, 34.6824)	(37, 34.6356)	(38, 34.6276)	(39, 34.6398)	(40, 34.6836)	(41, 34.6313)	(42, 34.671)	(43, 34.6616)	(44, 34.6798)	(45, 34.6331)	(46, 34.6637)	(47, 34.6511)	(48, 34.6299)	(49, 34.6576)	(50, 34.6234)	(51, 34.5691)	(52, 34.6176)	(53, 34.6075)	(54, 34.5801)	(55, 34.5374)	(56, 34.6212)	(57, 34.581)	(58, 34.588)	(59, 34.5652)	(60, 34.5765)	(61, 34.592)	(62, 34.6163)	(63, 34.5257)	(64, 34.5266)	(65, 34.5234)	(66, 34.5406)	(67, 34.531)	(68, 34.5346)	(69, 34.569)	(70, 34.5575)	(71, 34.5557)	(72, 34.5689)	(73, 34.5552)	(74, 34.5095)	(75, 34.5289)	(76, 34.5125)	(77, 34.538)	(78, 34.5131)	(79, 34.5117)	(80, 34.502)	(81, 34.5117)	(82, 34.4237)	(83, 34.5048)	(84, 34.4512)	(85, 34.5418)	(86, 34.4091)	(87, 34.4571)	(88, 34.3506)	(89, 34.3999)	(90, 34.3894)	(91, 34.4082)	(92, 34.3883)	(93, 34.3445)	(94, 34.3943)	(95, 34.3768)	(96, 34.3294)	(97, 34.3587)	(98, 34.3617)	(99, 34.3231)	(100, 34.3162)	(101, 34.3009)	(102, 34.2627)	(103, 34.2589)	(104, 34.153)	(105, 34.1826)	(106, 34.1726)	(107, 34.1801)	(108, 34.073)	(109, 34.1352)	(110, 34.1385)	(111, 34.0227)	(112, 34.0493)	(113, 33.945)	(114, 33.8685)	(115, 33.8595)	(116, 33.8223)	(117, 33.783)	(118, 33.7883)	(119, 33.8183)	(120, 33.7207)	(121, 33.7231)	(122, 33.6389)	(123, 33.5915)	(124, 33.5496)	(125, 33.4383)	(126, 33.3772)	(127, 33.3304)	(128, 33.2879)	(129, 33.2686)	(130, 33.2358)	(131, 33.0976)	(132, 33.0601)	(133, 32.9681)	(134, 32.8866)	(135, 32.8419)	(136, 32.713)	(137, 32.6157)	(138, 32.5901)	(139, 32.4499)	(140, 32.3002)	(141, 32.1586)	(142, 32.1699)	(143, 31.9646)	(144, 31.7907)	(145, 31.651)	(146, 31.7449)	(147, 31.6133)	(148, 31.4928)	(149, 31.5414)	(150, 31.4172)
SRR16013074_1.fastq.gz_SRR16013074_2.fastq.gz	(1, 35.8242)	(2, 35.6401)	(3, 35.6379)	(4, 35.6375)	(5, 35.5971)	(6, 35.4753)	(7, 35.4346)	(8, 35.408)	(9, 35.377)	(10, 35.2974)	(11, 35.3105)	(12, 35.1773)	(13, 35.1135)	(14, 35.0948)	(15, 35.1078)	(16, 35.0344)	(17, 34.9743)	(18, 34.915)	(19, 34.9323)	(20, 34.8621)	(21, 34.893)	(22, 34.8772)	(23, 34.759)	(24, 34.707)	(25, 34.7249)	(26, 34.7127)	(27, 34.7421)	(28, 34.6715)	(29, 34.665)	(30, 34.654)	(31, 34.6502)	(32, 34.6062)	(33, 34.6657)	(34, 34.5922)	(35, 34.5695)	(36, 34.5782)	(37, 34.5537)	(38, 34.5116)	(39, 34.5773)	(40, 34.6298)	(41, 34.5627)	(42, 34.4957)	(43, 34.5554)	(44, 34.5488)	(45, 34.5531)	(46, 34.5821)	(47, 34.5159)	(48, 34.4736)	(49, 34.528)	(50, 34.501)	(51, 34.511)	(52, 34.4831)	(53, 34.505)	(54, 34.5053)	(55, 34.4661)	(56, 34.5144)	(57, 34.4902)	(58, 34.492)	(59, 34.433)	(60, 34.3687)	(61, 34.3915)	(62, 34.475)	(63, 34.3821)	(64, 34.2907)	(65, 34.3697)	(66, 34.4278)	(67, 34.4087)	(68, 34.3837)	(69, 34.3929)	(70, 34.3887)	(71, 34.3775)	(72, 34.4546)	(73, 34.4313)	(74, 34.3868)	(75, 34.3901)	(76, 34.4357)	(77, 34.4157)	(78, 34.4084)	(79, 34.417)	(80, 34.3685)	(81, 34.381)	(82, 34.3263)	(83, 34.3013)	(84, 34.3207)	(85, 34.2714)	(86, 34.2709)	(87, 34.275)	(88, 34.3342)	(89, 34.3161)	(90, 34.3092)	(91, 34.3946)	(92, 34.3491)	(93, 34.3499)	(94, 34.3498)	(95, 34.3627)	(96, 34.3285)	(97, 34.2687)	(98, 34.2852)	(99, 34.2839)	(100, 34.3242)	(101, 34.2508)	(102, 34.1313)	(103, 34.2074)	(104, 34.2066)	(105, 34.1813)	(106, 34.2376)	(107, 34.1901)	(108, 34.0348)	(109, 34.1037)	(110, 33.9836)	(111, 33.9009)	(112, 33.9511)	(113, 33.9532)	(114, 33.8592)	(115, 33.9474)	(116, 34.0207)	(117, 33.9204)	(118, 33.8704)	(119, 33.8695)	(120, 33.7702)	(121, 33.6346)	(122, 33.7063)	(123, 33.7479)	(124, 33.7342)	(125, 33.6228)	(126, 33.5495)	(127, 33.5773)	(128, 33.529)	(129, 33.4635)	(130, 33.3404)	(131, 33.2039)	(132, 33.1741)	(133, 33.0431)	(134, 33.0913)	(135, 33.0903)	(136, 32.889)	(137, 32.8644)	(138, 32.8522)	(139, 32.6358)	(140, 32.4164)	(141, 32.5171)	(142, 32.54)	(143, 32.2276)	(144, 32.0226)	(145, 31.9026)	(146, 32.0091)	(147, 32.1031)	(148, 32.0443)	(149, 31.8631)	(150, 31.7566)
SRR16013082_1.fastq.gz_SRR16013082_2.fastq.gz	(1, 35.9762)	(2, 35.7454)	(3, 35.7452)	(4, 35.7036)	(5, 35.7027)	(6, 35.5884)	(7, 35.5489)	(8, 35.5677)	(9, 35.5297)	(10, 35.4825)	(11, 35.4531)	(12, 35.3684)	(13, 35.3797)	(14, 35.358)	(15, 35.2895)	(16, 35.2917)	(17, 35.2265)	(18, 35.2103)	(19, 35.2013)	(20, 35.1523)	(21, 35.2038)	(22, 35.1554)	(23, 35.0807)	(24, 35.077)	(25, 35.0495)	(26, 35.0306)	(27, 34.977)	(28, 34.892)	(29, 34.9115)	(30, 34.8749)	(31, 34.853)	(32, 34.8377)	(33, 34.8478)	(34, 34.8631)	(35, 34.8386)	(36, 34.8379)	(37, 34.8182)	(38, 34.8282)	(39, 34.838)	(40, 34.8561)	(41, 34.8482)	(42, 34.8195)	(43, 34.8236)	(44, 34.8489)	(45, 34.7983)	(46, 34.8143)	(47, 34.8231)	(48, 34.7756)	(49, 34.8025)	(50, 34.8122)	(51, 34.811)	(52, 34.762)	(53, 34.8011)	(54, 34.8029)	(55, 34.7794)	(56, 34.8051)	(57, 34.7645)	(58, 34.7891)	(59, 34.7594)	(60, 34.7728)	(61, 34.7459)	(62, 34.7848)	(63, 34.7593)	(64, 34.6749)	(65, 34.6572)	(66, 34.6851)	(67, 34.6492)	(68, 34.6769)	(69, 34.7711)	(70, 34.7265)	(71, 34.6751)	(72, 34.6821)	(73, 34.7148)	(74, 34.668)	(75, 34.6859)	(76, 34.6768)	(77, 34.6747)	(78, 34.6928)	(79, 34.6982)	(80, 34.691)	(81, 34.712)	(82, 34.6318)	(83, 34.6632)	(84, 34.6669)	(85, 34.728)	(86, 34.6433)	(87, 34.6755)	(88, 34.6314)	(89, 34.5759)	(90, 34.6058)	(91, 34.6221)	(92, 34.5943)	(93, 34.579)	(94, 34.5424)	(95, 34.5761)	(96, 34.5686)	(97, 34.6303)	(98, 34.6483)	(99, 34.5688)	(100, 34.63)	(101, 34.5706)	(102, 34.5581)	(103, 34.5491)	(104, 34.4808)	(105, 34.5012)	(106, 34.5432)	(107, 34.5618)	(108, 34.4903)	(109, 34.5156)	(110, 34.4574)	(111, 34.4096)	(112, 34.3326)	(113, 34.4802)	(114, 34.4178)	(115, 34.3137)	(116, 34.3348)	(117, 34.3454)	(118, 34.2422)	(119, 34.3405)	(120, 34.3623)	(121, 34.3155)	(122, 34.2692)	(123, 34.3703)	(124, 34.3009)	(125, 34.2621)	(126, 34.2326)	(127, 34.202)	(128, 34.2099)	(129, 34.1863)	(130, 34.1271)	(131, 34.0991)	(132, 34.0819)	(133, 33.9974)	(134, 33.9827)	(135, 34.0087)	(136, 33.9847)	(137, 33.8738)	(138, 33.6761)	(139, 33.7718)	(140, 33.6451)	(141, 33.6297)	(142, 33.6686)	(143, 33.4703)	(144, 33.3243)	(145, 33.3872)	(146, 33.4199)	(147, 33.3665)	(148, 33.2423)	(149, 33.164)	(150, 33.1201)
SRR16013083_1.fastq.gz_SRR16013083_2.fastq.gz	(1, 35.5847)	(2, 35.3057)	(3, 35.5126)	(4, 35.5112)	(5, 35.5785)	(6, 35.4391)	(7, 35.4194)	(8, 35.4277)	(9, 35.4197)	(10, 35.3405)	(11, 35.3317)	(12, 35.2847)	(13, 35.2087)	(14, 35.2005)	(15, 35.2216)	(16, 35.1418)	(17, 35.1438)	(18, 35.0715)	(19, 35.0634)	(20, 35.0183)	(21, 35.0697)	(22, 35.0196)	(23, 34.9667)	(24, 34.9299)	(25, 34.9359)	(26, 34.9011)	(27, 34.8946)	(28, 34.8342)	(29, 34.8412)	(30, 34.8566)	(31, 34.7951)	(32, 34.8012)	(33, 34.84)	(34, 34.7775)	(35, 34.7294)	(36, 34.7681)	(37, 34.7808)	(38, 34.6973)	(39, 34.7867)	(40, 34.7899)	(41, 34.7796)	(42, 34.6888)	(43, 34.7323)	(44, 34.7404)	(45, 34.7767)	(46, 34.7351)	(47, 34.6667)	(48, 34.6398)	(49, 34.7111)	(50, 34.7106)	(51, 34.6893)	(52, 34.6783)	(53, 34.6789)	(54, 34.6952)	(55, 34.6576)	(56, 34.6675)	(57, 34.6971)	(58, 34.664)	(59, 34.6077)	(60, 34.5326)	(61, 34.5918)	(62, 34.6432)	(63, 34.5827)	(64, 34.4479)	(65, 34.5307)	(66, 34.6234)	(67, 34.5647)	(68, 34.5154)	(69, 34.5297)	(70, 34.5007)	(71, 34.5454)	(72, 34.6188)	(73, 34.6159)	(74, 34.5889)	(75, 34.5425)	(76, 34.5918)	(77, 34.5788)	(78, 34.5592)	(79, 34.5724)	(80, 34.5408)	(81, 34.5543)	(82, 34.5048)	(83, 34.4611)	(84, 34.4985)	(85, 34.4066)	(86, 34.4436)	(87, 34.4274)	(88, 34.5295)	(89, 34.5005)	(90, 34.473)	(91, 34.5675)	(92, 34.5814)	(93, 34.5187)	(94, 34.5343)	(95, 34.5346)	(96, 34.5464)	(97, 34.476)	(98, 34.4628)	(99, 34.4886)	(100, 34.5106)	(101, 34.4781)	(102, 34.3311)	(103, 34.4288)	(104, 34.4212)	(105, 34.4176)	(106, 34.4855)	(107, 34.3922)	(108, 34.2476)	(109, 34.3188)	(110, 34.2191)	(111, 34.1191)	(112, 34.181)	(113, 34.2297)	(114, 34.1217)	(115, 34.2224)	(116, 34.3129)	(117, 34.2035)	(118, 34.1568)	(119, 34.1978)	(120, 34.074)	(121, 33.9273)	(122, 33.9636)	(123, 34.1311)	(124, 34.1234)	(125, 34.0131)	(126, 33.9366)	(127, 33.9841)	(128, 33.9627)	(129, 33.845)	(130, 33.7574)	(131, 33.6213)	(132, 33.5806)	(133, 33.4903)	(134, 33.6351)	(135, 33.648)	(136, 33.3986)	(137, 33.4166)	(138, 33.4349)	(139, 33.2394)	(140, 32.9624)	(141, 33.1052)	(142, 33.1814)	(143, 32.9243)	(144, 32.6192)	(145, 32.5778)	(146, 32.6493)	(147, 32.8564)	(148, 32.815)	(149, 32.5641)	(150, 32.4408)
SRR16013084_1.fastq.gz_SRR16013084_2.fastq.gz	(1, 35.9089)	(2, 35.5838)	(3, 35.6697)	(4, 35.6432)	(5, 35.6868)	(6, 35.5696)	(7, 35.5348)	(8, 35.5233)	(9, 35.509)	(10, 35.4489)	(11, 35.4495)	(12, 35.3956)	(13, 35.3498)	(14, 35.3173)	(15, 35.2999)	(16, 35.3019)	(17, 35.2549)	(18, 35.1468)	(19, 35.1453)	(20, 35.1213)	(21, 35.1488)	(22, 35.1148)	(23, 35.0487)	(24, 35.0324)	(25, 35.039)	(26, 35.0681)	(27, 35.0028)	(28, 35.0097)	(29, 34.9907)	(30, 34.9898)	(31, 34.9736)	(32, 34.9575)	(33, 34.9259)	(34, 34.8724)	(35, 34.829)	(36, 34.8776)	(37, 34.8408)	(38, 34.7789)	(39, 34.7811)	(40, 34.862)	(41, 34.81)	(42, 34.7916)	(43, 34.8218)	(44, 34.8204)	(45, 34.8139)	(46, 34.8216)	(47, 34.7941)	(48, 34.8236)	(49, 34.7917)	(50, 34.781)	(51, 34.7669)	(52, 34.7744)	(53, 34.7774)	(54, 34.7532)	(55, 34.6891)	(56, 34.7632)	(57, 34.7539)	(58, 34.7421)	(59, 34.6803)	(60, 34.708)	(61, 34.7082)	(62, 34.7653)	(63, 34.6743)	(64, 34.6859)	(65, 34.6678)	(66, 34.6778)	(67, 34.6807)	(68, 34.6482)	(69, 34.6844)	(70, 34.7206)	(71, 34.7039)	(72, 34.7479)	(73, 34.7165)	(74, 34.6966)	(75, 34.67)	(76, 34.672)	(77, 34.6824)	(78, 34.6603)	(79, 34.667)	(80, 34.6599)	(81, 34.6347)	(82, 34.5861)	(83, 34.6452)	(84, 34.6096)	(85, 34.6587)	(86, 34.5406)	(87, 34.5818)	(88, 34.4991)	(89, 34.544)	(90, 34.5329)	(91, 34.5209)	(92, 34.5248)	(93, 34.4759)	(94, 34.5598)	(95, 34.5557)	(96, 34.5002)	(97, 34.5306)	(98, 34.4853)	(99, 34.462)	(100, 34.4746)	(101, 34.4591)	(102, 34.4729)	(103, 34.392)	(104, 34.322)	(105, 34.3556)	(106, 34.3789)	(107, 34.3336)	(108, 34.2901)	(109, 34.3145)	(110, 34.3045)	(111, 34.2175)	(112, 34.2393)	(113, 34.1284)	(114, 34.0119)	(115, 34.0171)	(116, 34.0514)	(117, 34.0423)	(118, 34.0192)	(119, 34.0245)	(120, 33.988)	(121, 34.019)	(122, 33.9674)	(123, 33.9042)	(124, 33.8541)	(125, 33.7884)	(126, 33.7012)	(127, 33.6645)	(128, 33.5845)	(129, 33.6187)	(130, 33.5695)	(131, 33.4365)	(132, 33.4389)	(133, 33.4021)	(134, 33.3233)	(135, 33.2736)	(136, 33.1409)	(137, 33.0206)	(138, 33.0038)	(139, 32.9004)	(140, 32.7105)	(141, 32.6334)	(142, 32.6786)	(143, 32.5565)	(144, 32.2665)	(145, 32.2625)	(146, 32.297)	(147, 32.1093)	(148, 32.1438)	(149, 32.1481)	(150, 32.0505)
SRR16013090_1.fastq.gz_SRR16013090_2.fastq.gz	(1, 35.7195)	(2, 35.3936)	(3, 35.2236)	(4, 35.1933)	(5, 35.0746)	(6, 34.881)	(7, 34.8162)	(8, 34.8141)	(9, 34.6802)	(10, 34.6219)	(11, 34.624)	(12, 34.4418)	(13, 34.4487)	(14, 34.4411)	(15, 34.3603)	(16, 34.2959)	(17, 34.1786)	(18, 34.1199)	(19, 34.0979)	(20, 34.0745)	(21, 34.0422)	(22, 34.0393)	(23, 33.9336)	(24, 33.8598)	(25, 33.9128)	(26, 33.9112)	(27, 33.8081)	(28, 33.6247)	(29, 33.7279)	(30, 33.6236)	(31, 33.5862)	(32, 33.5577)	(33, 33.6449)	(34, 33.5727)	(35, 33.5803)	(36, 33.6007)	(37, 33.5856)	(38, 33.5827)	(39, 33.5805)	(40, 33.6483)	(41, 33.6269)	(42, 33.5421)	(43, 33.5767)	(44, 33.6388)	(45, 33.5735)	(46, 33.5922)	(47, 33.607)	(48, 33.5416)	(49, 33.5708)	(50, 33.5741)	(51, 33.5901)	(52, 33.5652)	(53, 33.6115)	(54, 33.6067)	(55, 33.5702)	(56, 33.6265)	(57, 33.577)	(58, 33.5367)	(59, 33.5668)	(60, 33.5296)	(61, 33.5446)	(62, 33.5595)	(63, 33.4613)	(64, 33.4454)	(65, 33.4404)	(66, 33.4421)	(67, 33.4346)	(68, 33.4256)	(69, 33.5303)	(70, 33.5337)	(71, 33.4245)	(72, 33.4824)	(73, 33.4489)	(74, 33.4422)	(75, 33.4858)	(76, 33.4306)	(77, 33.5029)	(78, 33.495)	(79, 33.4695)	(80, 33.4335)	(81, 33.4408)	(82, 33.3392)	(83, 33.4465)	(84, 33.4097)	(85, 33.4788)	(86, 33.4051)	(87, 33.4224)	(88, 33.4065)	(89, 33.3287)	(90, 33.3485)	(91, 33.3962)	(92, 33.3762)	(93, 33.3179)	(94, 33.3797)	(95, 33.3303)	(96, 33.3639)	(97, 33.3442)	(98, 33.4115)	(99, 33.3352)	(100, 33.3425)	(101, 33.3104)	(102, 33.2784)	(103, 33.275)	(104, 33.2336)	(105, 33.2425)	(106, 33.2929)	(107, 33.2747)	(108, 33.173)	(109, 33.2451)	(110, 33.2133)	(111, 33.0967)	(112, 33.0339)	(113, 33.1058)	(114, 33.1392)	(115, 32.9952)	(116, 33.0356)	(117, 33.0031)	(118, 32.9853)	(119, 33.0207)	(120, 33.0337)	(121, 32.9492)	(122, 32.9459)	(123, 32.9471)	(124, 32.918)	(125, 32.8723)	(126, 32.8647)	(127, 32.7616)	(128, 32.8004)	(129, 32.7276)	(130, 32.6608)	(131, 32.5875)	(132, 32.6024)	(133, 32.5139)	(134, 32.4491)	(135, 32.3987)	(136, 32.4474)	(137, 32.3162)	(138, 32.1193)	(139, 32.1058)	(140, 31.9874)	(141, 31.9672)	(142, 31.9274)	(143, 31.7752)	(144, 31.603)	(145, 31.687)	(146, 31.56)	(147, 31.4954)	(148, 31.3351)	(149, 31.2773)	(150, 31.2285)
