Sample	0	1	2	3	4	5	6	7	8	9	10	11	12	13	14	15	16	17	18	19	20	21	22	23	24	25	26	27	28	29	30	31	32	33	34	35	36	37	38	39	40	41	42	43	44	45	46	47	48	49	50	51	52	53	54	55	56	57	58	59	60	61	62	63	64	65	66	67	68	69	70	71	72	73	74	75	76	77	78	79	80	81	82	83	84	85	86	87	88	89	90	91	92	93	94	95	96	97	98	99	100
SRR16013048_1.fastq.gz	(0.0, 10.0)	(1.0, 7.5)	(2.0, 4.5)	(3.0, 2.5)	(4.0, 3.0)	(5.0, 3.0)	(6.0, 1.0)	(7.0, 2.0)	(8.0, 3.5)	(9.0, 4.5)	(10.0, 3.5)	(11.0, 1.5)	(12.0, 1.0)	(13.0, 1.5)	(14.0, 3.5)	(15.0, 4.0)	(16.0, 3.5)	(17.0, 7.0)	(18.0, 13.0)	(19.0, 13.5)	(20.0, 25.0)	(21.0, 50.5)	(22.0, 73.0)	(23.0, 115.0)	(24.0, 171.0)	(25.0, 232.0)	(26.0, 318.5)	(27.0, 451.0)	(28.0, 590.5)	(29.0, 752.5)	(30.0, 929.0)	(31.0, 1086.5)	(32.0, 1227.0)	(33.0, 1324.0)	(34.0, 1428.5)	(35.0, 1596.5)	(36.0, 1758.0)	(37.0, 1908.5)	(38.0, 2034.0)	(39.0, 2151.0)	(40.0, 2327.5)	(41.0, 2413.0)	(42.0, 2481.5)	(43.0, 2566.0)	(44.0, 2656.5)	(45.0, 2846.0)	(46.0, 2919.5)	(47.0, 2852.0)	(48.0, 2728.5)	(49.0, 2691.0)	(50.0, 2713.0)	(51.0, 2766.5)	(52.0, 2975.0)	(53.0, 2969.5)	(54.0, 2795.0)	(55.0, 2771.0)	(56.0, 2742.5)	(57.0, 2827.0)	(58.0, 3021.0)	(59.0, 3241.0)	(60.0, 3652.5)	(61.0, 4272.5)	(62.0, 4073.5)	(63.0, 3362.0)	(64.0, 2661.0)	(65.0, 1745.0)	(66.0, 1297.5)	(67.0, 1154.0)	(68.0, 1068.0)	(69.0, 789.0)	(70.0, 508.5)	(71.0, 412.0)	(72.0, 350.5)	(73.0, 256.0)	(74.0, 172.0)	(75.0, 153.0)	(76.0, 131.0)	(77.0, 112.0)	(78.0, 86.5)	(79.0, 53.5)	(80.0, 22.0)	(81.0, 18.0)	(82.0, 10.5)	(83.0, 7.5)	(84.0, 5.0)	(85.0, 6.0)	(86.0, 4.5)	(87.0, 1.0)	(88.0, 0.0)	(89.0, 0.0)	(90.0, 0.5)	(91.0, 0.5)	(92.0, 0.0)	(93.0, 0.0)	(94.0, 0.5)	(95.0, 0.5)	(96.0, 0.0)	(97.0, 0.0)	(98.0, 0.0)	(99.0, 0.0)	(100.0, 0.0)
SRR16013048_1.trimmed.fastq.gz	(0.0, 10.0)	(1.0, 7.5)	(2.0, 5.0)	(3.0, 3.5)	(4.0, 3.5)	(5.0, 3.0)	(6.0, 0.5)	(7.0, 1.5)	(8.0, 2.5)	(9.0, 3.0)	(10.0, 3.0)	(11.0, 1.5)	(12.0, 1.0)	(13.0, 0.5)	(14.0, 1.0)	(15.0, 1.5)	(16.0, 2.5)	(17.0, 7.0)	(18.0, 12.0)	(19.0, 12.0)	(20.0, 22.0)	(21.0, 47.5)	(22.0, 71.0)	(23.0, 108.0)	(24.0, 161.5)	(25.0, 226.5)	(26.0, 326.0)	(27.0, 462.0)	(28.0, 597.0)	(29.0, 755.5)	(30.0, 930.5)	(31.0, 1078.5)	(32.0, 1225.0)	(33.0, 1337.0)	(34.0, 1417.5)	(35.0, 1567.0)	(36.0, 1706.5)	(37.0, 1831.5)	(38.0, 1974.0)	(39.0, 2063.0)	(40.0, 2183.0)	(41.0, 2270.5)	(42.0, 2386.0)	(43.0, 2490.0)	(44.0, 2540.0)	(45.0, 2660.0)	(46.0, 2693.0)	(47.0, 2643.5)	(48.0, 2547.0)	(49.0, 2494.0)	(50.0, 2507.0)	(51.0, 2564.0)	(52.0, 2750.5)	(53.0, 2748.0)	(54.0, 2573.0)	(55.0, 2534.5)	(56.0, 2507.5)	(57.0, 2608.0)	(58.0, 2782.5)	(59.0, 2939.0)	(60.0, 3284.0)	(61.0, 3876.0)	(62.0, 3729.0)	(63.0, 3090.5)	(64.0, 2461.5)	(65.0, 1600.0)	(66.0, 1186.0)	(67.0, 1087.0)	(68.0, 984.0)	(69.0, 715.5)	(70.0, 476.0)	(71.0, 389.0)	(72.0, 332.0)	(73.0, 237.0)	(74.0, 155.0)	(75.0, 139.5)	(76.0, 123.5)	(77.0, 117.5)	(78.0, 107.5)	(79.0, 69.0)	(80.0, 36.5)	(81.0, 38.5)	(82.0, 29.0)	(83.0, 19.5)	(84.0, 14.0)	(85.0, 14.0)	(86.0, 11.0)	(87.0, 4.5)	(88.0, 2.0)	(89.0, 2.5)	(90.0, 3.0)	(91.0, 2.0)	(92.0, 0.5)	(93.0, 0.0)	(94.0, 0.5)	(95.0, 0.5)	(96.0, 0.0)	(97.0, 0.0)	(98.0, 0.0)	(99.0, 0.0)	(100.0, 0.0)
SRR16013048_2.fastq.gz	(0.0, 26.0)	(1.0, 26.5)	(2.0, 24.0)	(3.0, 34.5)	(4.0, 53.5)	(5.0, 62.0)	(6.0, 71.5)	(7.0, 87.0)	(8.0, 84.0)	(9.0, 69.0)	(10.0, 77.5)	(11.0, 90.0)	(12.0, 87.0)	(13.0, 95.0)	(14.0, 117.0)	(15.0, 127.5)	(16.0, 122.5)	(17.0, 116.0)	(18.0, 113.0)	(19.0, 135.0)	(20.0, 167.0)	(21.0, 186.0)	(22.0, 207.0)	(23.0, 255.5)	(24.0, 311.5)	(25.0, 394.5)	(26.0, 506.0)	(27.0, 629.5)	(28.0, 789.5)	(29.0, 930.0)	(30.0, 1018.0)	(31.0, 1135.0)	(32.0, 1305.5)	(33.0, 1405.0)	(34.0, 1490.0)	(35.0, 1664.5)	(36.0, 1780.5)	(37.0, 1874.5)	(38.0, 2007.0)	(39.0, 2162.0)	(40.0, 2272.0)	(41.0, 2268.0)	(42.0, 2406.0)	(43.0, 2548.0)	(44.0, 2554.5)	(45.0, 2599.0)	(46.0, 2641.5)	(47.0, 2647.5)	(48.0, 2634.0)	(49.0, 2610.0)	(50.0, 2624.0)	(51.0, 2617.5)	(52.0, 2620.5)	(53.0, 2733.5)	(54.0, 2723.0)	(55.0, 2584.5)	(56.0, 2554.5)	(57.0, 2561.0)	(58.0, 2597.0)	(59.0, 2862.0)	(60.0, 3199.5)	(61.0, 3634.0)	(62.0, 3644.0)	(63.0, 3211.5)	(64.0, 2908.5)	(65.0, 2232.5)	(66.0, 1518.0)	(67.0, 1180.5)	(68.0, 927.5)	(69.0, 732.5)	(70.0, 575.5)	(71.0, 440.5)	(72.0, 363.0)	(73.0, 298.5)	(74.0, 246.5)	(75.0, 198.5)	(76.0, 171.0)	(77.0, 151.0)	(78.0, 109.5)	(79.0, 71.5)	(80.0, 54.0)	(81.0, 45.5)	(82.0, 30.0)	(83.0, 25.5)	(84.0, 25.0)	(85.0, 23.5)	(86.0, 24.5)	(87.0, 20.0)	(88.0, 14.5)	(89.0, 14.5)	(90.0, 12.5)	(91.0, 13.0)	(92.0, 13.5)	(93.0, 11.0)	(94.0, 13.0)	(95.0, 15.5)	(96.0, 16.5)	(97.0, 17.5)	(98.0, 20.5)	(99.0, 31.5)	(100.0, 141.0)
SRR16013048_2.trimmed.fastq.gz	(0.0, 25.0)	(1.0, 24.0)	(2.0, 20.5)	(3.0, 28.5)	(4.0, 43.5)	(5.0, 52.0)	(6.0, 60.0)	(7.0, 71.0)	(8.0, 68.0)	(9.0, 54.0)	(10.0, 57.0)	(11.0, 64.0)	(12.0, 61.5)	(13.0, 63.5)	(14.0, 74.5)	(15.0, 76.0)	(16.0, 70.5)	(17.0, 69.0)	(18.0, 62.0)	(19.0, 72.5)	(20.0, 98.5)	(21.0, 104.0)	(22.0, 115.0)	(23.0, 167.5)	(24.0, 220.5)	(25.0, 288.5)	(26.0, 400.5)	(27.0, 519.5)	(28.0, 656.5)	(29.0, 785.0)	(30.0, 887.5)	(31.0, 1036.5)	(32.0, 1207.5)	(33.0, 1298.0)	(34.0, 1389.0)	(35.0, 1555.0)	(36.0, 1657.5)	(37.0, 1750.5)	(38.0, 1915.5)	(39.0, 2047.0)	(40.0, 2100.0)	(41.0, 2125.5)	(42.0, 2306.0)	(43.0, 2457.5)	(44.0, 2457.5)	(45.0, 2461.0)	(46.0, 2461.5)	(47.0, 2465.0)	(48.0, 2496.0)	(49.0, 2489.0)	(50.0, 2479.0)	(51.0, 2479.0)	(52.0, 2477.0)	(53.0, 2595.0)	(54.0, 2604.0)	(55.0, 2485.5)	(56.0, 2463.0)	(57.0, 2472.5)	(58.0, 2508.5)	(59.0, 2766.5)	(60.0, 3110.0)	(61.0, 3556.0)	(62.0, 3585.0)	(63.0, 3187.0)	(64.0, 2890.5)	(65.0, 2207.0)	(66.0, 1484.0)	(67.0, 1137.5)	(68.0, 895.0)	(69.0, 701.5)	(70.0, 544.5)	(71.0, 408.0)	(72.0, 322.5)	(73.0, 256.0)	(74.0, 202.5)	(75.0, 163.5)	(76.0, 148.5)	(77.0, 133.0)	(78.0, 100.5)	(79.0, 63.5)	(80.0, 50.0)	(81.0, 44.0)	(82.0, 26.0)	(83.0, 18.0)	(84.0, 16.5)	(85.0, 14.0)	(86.0, 10.0)	(87.0, 5.5)	(88.0, 2.0)	(89.0, 3.0)	(90.0, 3.0)	(91.0, 1.5)	(92.0, 1.0)	(93.0, 0.5)	(94.0, 0.5)	(95.0, 1.0)	(96.0, 0.5)	(97.0, 1.0)	(98.0, 1.5)	(99.0, 4.0)	(100.0, 32.0)
SRR16013050_1.fastq.gz	(0.0, 2.0)	(1.0, 1.5)	(2.0, 0.5)	(3.0, 1.5)	(4.0, 3.0)	(5.0, 4.0)	(6.0, 4.0)	(7.0, 3.5)	(8.0, 5.5)	(9.0, 5.0)	(10.0, 2.0)	(11.0, 1.0)	(12.0, 2.0)	(13.0, 1.5)	(14.0, 3.0)	(15.0, 9.5)	(16.0, 10.5)	(17.0, 13.0)	(18.0, 24.0)	(19.0, 31.5)	(20.0, 33.5)	(21.0, 74.0)	(22.0, 121.5)	(23.0, 148.0)	(24.0, 200.5)	(25.0, 286.5)	(26.0, 409.0)	(27.0, 550.0)	(28.0, 694.5)	(29.0, 838.5)	(30.0, 970.5)	(31.0, 1100.5)	(32.0, 1270.0)	(33.0, 1396.0)	(34.0, 1497.5)	(35.0, 1698.0)	(36.0, 1892.5)	(37.0, 2046.0)	(38.0, 2228.5)	(39.0, 2328.0)	(40.0, 2426.5)	(41.0, 2613.5)	(42.0, 2695.5)	(43.0, 2744.0)	(44.0, 2843.5)	(45.0, 2906.5)	(46.0, 3013.0)	(47.0, 3138.5)	(48.0, 3096.5)	(49.0, 3063.0)	(50.0, 3018.0)	(51.0, 2988.5)	(52.0, 2960.5)	(53.0, 2967.5)	(54.0, 2946.5)	(55.0, 2845.0)	(56.0, 2746.5)	(57.0, 2904.0)	(58.0, 2984.0)	(59.0, 2837.0)	(60.0, 3053.0)	(61.0, 3587.0)	(62.0, 3400.5)	(63.0, 2771.0)	(64.0, 2251.5)	(65.0, 1543.0)	(66.0, 1173.0)	(67.0, 1058.0)	(68.0, 889.5)	(69.0, 622.0)	(70.0, 475.0)	(71.0, 367.5)	(72.0, 322.0)	(73.0, 262.0)	(74.0, 144.0)	(75.0, 102.5)	(76.0, 85.0)	(77.0, 70.0)	(78.0, 60.0)	(79.0, 42.5)	(80.0, 20.0)	(81.0, 16.5)	(82.0, 12.0)	(83.0, 4.0)	(84.0, 3.5)	(85.0, 4.0)	(86.0, 3.5)	(87.0, 3.5)	(88.0, 2.5)	(89.0, 0.5)	(90.0, 0.0)	(91.0, 0.5)	(92.0, 0.5)	(93.0, 0.0)	(94.0, 0.5)	(95.0, 0.5)	(96.0, 0.0)	(97.0, 0.0)	(98.0, 0.0)	(99.0, 0.0)	(100.0, 0.0)
SRR16013050_1.trimmed.fastq.gz	(0.0, 2.0)	(1.0, 1.5)	(2.0, 0.5)	(3.0, 1.5)	(4.0, 3.0)	(5.0, 4.0)	(6.0, 4.0)	(7.0, 3.0)	(8.0, 4.5)	(9.0, 4.5)	(10.0, 2.0)	(11.0, 1.0)	(12.0, 2.0)	(13.0, 1.5)	(14.0, 1.5)	(15.0, 7.0)	(16.0, 9.0)	(17.0, 11.0)	(18.0, 21.0)	(19.0, 27.5)	(20.0, 30.5)	(21.0, 72.0)	(22.0, 120.5)	(23.0, 149.5)	(24.0, 210.0)	(25.0, 299.5)	(26.0, 415.5)	(27.0, 548.5)	(28.0, 698.5)	(29.0, 858.5)	(30.0, 993.0)	(31.0, 1125.0)	(32.0, 1272.5)	(33.0, 1378.5)	(34.0, 1489.5)	(35.0, 1674.0)	(36.0, 1850.5)	(37.0, 2000.5)	(38.0, 2165.5)	(39.0, 2253.0)	(40.0, 2349.0)	(41.0, 2526.5)	(42.0, 2603.5)	(43.0, 2662.0)	(44.0, 2772.5)	(45.0, 2784.5)	(46.0, 2850.0)	(47.0, 2968.5)	(48.0, 2936.0)	(49.0, 2908.5)	(50.0, 2868.0)	(51.0, 2833.5)	(52.0, 2784.5)	(53.0, 2798.0)	(54.0, 2766.0)	(55.0, 2643.5)	(56.0, 2559.5)	(57.0, 2743.0)	(58.0, 2798.5)	(59.0, 2644.0)	(60.0, 2863.0)	(61.0, 3362.5)	(62.0, 3196.5)	(63.0, 2618.0)	(64.0, 2133.5)	(65.0, 1461.0)	(66.0, 1102.5)	(67.0, 983.0)	(68.0, 830.0)	(69.0, 585.5)	(70.0, 440.5)	(71.0, 354.0)	(72.0, 316.5)	(73.0, 248.5)	(74.0, 134.0)	(75.0, 102.0)	(76.0, 87.5)	(77.0, 72.5)	(78.0, 68.0)	(79.0, 51.0)	(80.0, 32.0)	(81.0, 24.5)	(82.0, 16.5)	(83.0, 10.0)	(84.0, 11.0)	(85.0, 12.5)	(86.0, 8.0)	(87.0, 4.5)	(88.0, 2.5)	(89.0, 1.5)	(90.0, 1.5)	(91.0, 1.5)	(92.0, 0.5)	(93.0, 0.5)	(94.0, 1.0)	(95.0, 1.0)	(96.0, 0.5)	(97.0, 0.0)	(98.0, 0.0)	(99.0, 0.0)	(100.0, 0.0)
SRR16013050_2.fastq.gz	(0.0, 15.0)	(1.0, 16.5)	(2.0, 20.5)	(3.0, 29.0)	(4.0, 43.0)	(5.0, 43.5)	(6.0, 46.0)	(7.0, 56.5)	(8.0, 66.5)	(9.0, 73.5)	(10.0, 71.5)	(11.0, 69.0)	(12.0, 74.0)	(13.0, 82.0)	(14.0, 85.0)	(15.0, 97.5)	(16.0, 104.0)	(17.0, 103.5)	(18.0, 118.5)	(19.0, 132.5)	(20.0, 143.0)	(21.0, 173.0)	(22.0, 247.0)	(23.0, 317.0)	(24.0, 396.0)	(25.0, 475.5)	(26.0, 560.0)	(27.0, 699.5)	(28.0, 800.5)	(29.0, 908.0)	(30.0, 1076.0)	(31.0, 1176.0)	(32.0, 1302.5)	(33.0, 1489.0)	(34.0, 1571.0)	(35.0, 1691.5)	(36.0, 1910.5)	(37.0, 2059.5)	(38.0, 2144.5)	(39.0, 2238.0)	(40.0, 2392.5)	(41.0, 2472.0)	(42.0, 2526.0)	(43.0, 2651.0)	(44.0, 2681.5)	(45.0, 2767.0)	(46.0, 2943.0)	(47.0, 3002.5)	(48.0, 2995.0)	(49.0, 2916.5)	(50.0, 2817.0)	(51.0, 2842.5)	(52.0, 2789.0)	(53.0, 2782.0)	(54.0, 2810.0)	(55.0, 2731.0)	(56.0, 2656.0)	(57.0, 2491.5)	(58.0, 2426.0)	(59.0, 2674.0)	(60.0, 2873.0)	(61.0, 3205.5)	(62.0, 3273.5)	(63.0, 2766.5)	(64.0, 2376.0)	(65.0, 1897.5)	(66.0, 1370.0)	(67.0, 1050.0)	(68.0, 831.5)	(69.0, 661.5)	(70.0, 505.0)	(71.0, 387.5)	(72.0, 338.0)	(73.0, 250.5)	(74.0, 162.0)	(75.0, 135.5)	(76.0, 128.5)	(77.0, 101.0)	(78.0, 62.5)	(79.0, 49.5)	(80.0, 42.5)	(81.0, 36.5)	(82.0, 25.5)	(83.0, 17.5)	(84.0, 14.0)	(85.0, 8.5)	(86.0, 10.5)	(87.0, 14.5)	(88.0, 12.5)	(89.0, 9.5)	(90.0, 6.5)	(91.0, 7.0)	(92.0, 10.0)	(93.0, 10.5)	(94.0, 7.5)	(95.0, 11.0)	(96.0, 14.5)	(97.0, 17.5)	(98.0, 19.0)	(99.0, 23.5)	(100.0, 94.0)
SRR16013050_2.trimmed.fastq.gz	(0.0, 13.0)	(1.0, 14.5)	(2.0, 19.0)	(3.0, 25.5)	(4.0, 36.5)	(5.0, 35.5)	(6.0, 35.5)	(7.0, 45.5)	(8.0, 54.5)	(9.0, 57.5)	(10.0, 55.0)	(11.0, 56.0)	(12.0, 56.0)	(13.0, 56.5)	(14.0, 56.5)	(15.0, 59.0)	(16.0, 58.0)	(17.0, 60.5)	(18.0, 73.5)	(19.0, 80.0)	(20.0, 83.0)	(21.0, 108.5)	(22.0, 183.5)	(23.0, 247.5)	(24.0, 316.5)	(25.0, 401.0)	(26.0, 481.0)	(27.0, 591.0)	(28.0, 696.0)	(29.0, 833.0)	(30.0, 1009.5)	(31.0, 1117.5)	(32.0, 1230.5)	(33.0, 1406.5)	(34.0, 1508.0)	(35.0, 1624.5)	(36.0, 1833.0)	(37.0, 1977.0)	(38.0, 2060.5)	(39.0, 2169.0)	(40.0, 2307.0)	(41.0, 2363.0)	(42.0, 2442.5)	(43.0, 2587.0)	(44.0, 2618.5)	(45.0, 2689.0)	(46.0, 2834.5)	(47.0, 2890.5)	(48.0, 2891.5)	(49.0, 2825.5)	(50.0, 2719.0)	(51.0, 2713.5)	(52.0, 2682.5)	(53.0, 2708.5)	(54.0, 2737.5)	(55.0, 2647.5)	(56.0, 2568.5)	(57.0, 2427.5)	(58.0, 2382.0)	(59.0, 2601.5)	(60.0, 2817.0)	(61.0, 3179.5)	(62.0, 3237.0)	(63.0, 2740.5)	(64.0, 2358.0)	(65.0, 1880.0)	(66.0, 1343.0)	(67.0, 1019.5)	(68.0, 812.5)	(69.0, 644.5)	(70.0, 470.0)	(71.0, 364.5)	(72.0, 325.5)	(73.0, 235.0)	(74.0, 142.0)	(75.0, 117.0)	(76.0, 117.0)	(77.0, 87.0)	(78.0, 58.5)	(79.0, 47.0)	(80.0, 35.0)	(81.0, 28.0)	(82.0, 19.0)	(83.0, 15.0)	(84.0, 12.0)	(85.0, 8.0)	(86.0, 6.0)	(87.0, 4.0)	(88.0, 1.0)	(89.0, 1.0)	(90.0, 1.5)	(91.0, 1.5)	(92.0, 0.5)	(93.0, 1.0)	(94.0, 1.5)	(95.0, 1.0)	(96.0, 1.0)	(97.0, 0.5)	(98.0, 2.0)	(99.0, 5.5)	(100.0, 28.5)
SRR16013054_1.fastq.gz	(0.0, 8.0)	(1.0, 5.0)	(2.0, 3.0)	(3.0, 5.0)	(4.0, 4.5)	(5.0, 3.0)	(6.0, 2.5)	(7.0, 3.5)	(8.0, 5.5)	(9.0, 4.0)	(10.0, 2.5)	(11.0, 3.5)	(12.0, 3.5)	(13.0, 4.5)	(14.0, 5.0)	(15.0, 3.5)	(16.0, 2.5)	(17.0, 5.5)	(18.0, 13.0)	(19.0, 21.5)	(20.0, 32.0)	(21.0, 40.5)	(22.0, 68.5)	(23.0, 119.0)	(24.0, 166.5)	(25.0, 226.5)	(26.0, 322.0)	(27.0, 455.0)	(28.0, 606.0)	(29.0, 777.5)	(30.0, 985.5)	(31.0, 1154.0)	(32.0, 1276.0)	(33.0, 1447.0)	(34.0, 1704.5)	(35.0, 1894.5)	(36.0, 1933.5)	(37.0, 2049.5)	(38.0, 2176.5)	(39.0, 2293.0)	(40.0, 2494.5)	(41.0, 2608.0)	(42.0, 2631.0)	(43.0, 2687.0)	(44.0, 2824.0)	(45.0, 2912.0)	(46.0, 2944.5)	(47.0, 2879.5)	(48.0, 2727.5)	(49.0, 2691.0)	(50.0, 2740.5)	(51.0, 2783.5)	(52.0, 2824.0)	(53.0, 2804.0)	(54.0, 2630.5)	(55.0, 2656.5)	(56.0, 2737.0)	(57.0, 2763.5)	(58.0, 2845.0)	(59.0, 2948.0)	(60.0, 3202.0)	(61.0, 3648.5)	(62.0, 3493.0)	(63.0, 2986.5)	(64.0, 2383.0)	(65.0, 1620.5)	(66.0, 1328.5)	(67.0, 1177.0)	(68.0, 1079.0)	(69.0, 849.0)	(70.0, 581.0)	(71.0, 459.0)	(72.0, 394.5)	(73.0, 304.0)	(74.0, 235.5)	(75.0, 232.5)	(76.0, 215.0)	(77.0, 199.0)	(78.0, 180.0)	(79.0, 113.5)	(80.0, 54.0)	(81.0, 64.5)	(82.0, 68.5)	(83.0, 43.5)	(84.0, 31.5)	(85.0, 28.0)	(86.0, 35.0)	(87.0, 23.5)	(88.0, 2.0)	(89.0, 1.0)	(90.0, 0.5)	(91.0, 0.0)	(92.0, 0.5)	(93.0, 0.5)	(94.0, 0.0)	(95.0, 0.0)	(96.0, 0.5)	(97.0, 1.0)	(98.0, 0.5)	(99.0, 0.0)	(100.0, 0.0)
SRR16013054_1.trimmed.fastq.gz	(0.0, 8.0)	(1.0, 5.0)	(2.0, 3.0)	(3.0, 5.0)	(4.0, 3.5)	(5.0, 2.0)	(6.0, 2.5)	(7.0, 2.5)	(8.0, 4.5)	(9.0, 4.5)	(10.0, 3.0)	(11.0, 3.5)	(12.0, 3.0)	(13.0, 3.0)	(14.0, 4.5)	(15.0, 3.0)	(16.0, 1.0)	(17.0, 4.5)	(18.0, 11.0)	(19.0, 17.5)	(20.0, 28.0)	(21.0, 38.5)	(22.0, 68.0)	(23.0, 121.0)	(24.0, 168.5)	(25.0, 228.5)	(26.0, 319.0)	(27.0, 458.0)	(28.0, 614.5)	(29.0, 776.5)	(30.0, 993.0)	(31.0, 1176.0)	(32.0, 1292.5)	(33.0, 1458.5)	(34.0, 1684.0)	(35.0, 1844.0)	(36.0, 1878.0)	(37.0, 1993.5)	(38.0, 2133.5)	(39.0, 2231.0)	(40.0, 2393.0)	(41.0, 2492.0)	(42.0, 2504.5)	(43.0, 2550.5)	(44.0, 2683.5)	(45.0, 2721.5)	(46.0, 2715.5)	(47.0, 2678.0)	(48.0, 2551.0)	(49.0, 2503.5)	(50.0, 2520.5)	(51.0, 2597.0)	(52.0, 2650.0)	(53.0, 2604.0)	(54.0, 2443.5)	(55.0, 2434.5)	(56.0, 2514.0)	(57.0, 2548.0)	(58.0, 2602.5)	(59.0, 2721.5)	(60.0, 2951.5)	(61.0, 3368.0)	(62.0, 3247.5)	(63.0, 2755.5)	(64.0, 2199.5)	(65.0, 1515.0)	(66.0, 1246.5)	(67.0, 1114.0)	(68.0, 1016.5)	(69.0, 789.0)	(70.0, 531.5)	(71.0, 431.0)	(72.0, 371.0)	(73.0, 269.5)	(74.0, 209.0)	(75.0, 206.0)	(76.0, 210.0)	(77.0, 223.0)	(78.0, 234.0)	(79.0, 161.5)	(80.0, 82.0)	(81.0, 78.5)	(82.0, 84.5)	(83.0, 69.0)	(84.0, 45.0)	(85.0, 36.0)	(86.0, 43.5)	(87.0, 32.0)	(88.0, 7.0)	(89.0, 2.0)	(90.0, 0.5)	(91.0, 1.5)	(92.0, 3.5)	(93.0, 3.0)	(94.0, 2.0)	(95.0, 1.5)	(96.0, 2.0)	(97.0, 1.5)	(98.0, 0.0)	(99.0, 0.0)	(100.0, 0.0)
SRR16013054_2.fastq.gz	(0.0, 13.0)	(1.0, 14.0)	(2.0, 18.0)	(3.0, 30.5)	(4.0, 42.5)	(5.0, 43.5)	(6.0, 55.0)	(7.0, 65.0)	(8.0, 66.0)	(9.0, 67.0)	(10.0, 73.0)	(11.0, 84.0)	(12.0, 80.0)	(13.0, 79.0)	(14.0, 83.5)	(15.0, 91.0)	(16.0, 91.0)	(17.0, 101.5)	(18.0, 126.5)	(19.0, 128.0)	(20.0, 130.5)	(21.0, 147.0)	(22.0, 180.0)	(23.0, 232.0)	(24.0, 293.5)	(25.0, 374.5)	(26.0, 505.5)	(27.0, 659.0)	(28.0, 769.5)	(29.0, 880.5)	(30.0, 1068.0)	(31.0, 1302.5)	(32.0, 1463.0)	(33.0, 1544.5)	(34.0, 1664.0)	(35.0, 1813.5)	(36.0, 1954.5)	(37.0, 2088.0)	(38.0, 2159.0)	(39.0, 2250.5)	(40.0, 2354.0)	(41.0, 2388.5)	(42.0, 2459.0)	(43.0, 2552.5)	(44.0, 2555.5)	(45.0, 2651.5)	(46.0, 2767.0)	(47.0, 2698.5)	(48.0, 2614.0)	(49.0, 2536.0)	(50.0, 2538.0)	(51.0, 2585.0)	(52.0, 2564.0)	(53.0, 2601.0)	(54.0, 2659.0)	(55.0, 2612.0)	(56.0, 2552.0)	(57.0, 2477.5)	(58.0, 2438.0)	(59.0, 2688.5)	(60.0, 2904.0)	(61.0, 3152.0)	(62.0, 3182.0)	(63.0, 2868.0)	(64.0, 2596.5)	(65.0, 2023.5)	(66.0, 1445.0)	(67.0, 1168.0)	(68.0, 1024.0)	(69.0, 913.0)	(70.0, 707.0)	(71.0, 498.5)	(72.0, 423.0)	(73.0, 362.5)	(74.0, 303.0)	(75.0, 288.5)	(76.0, 309.5)	(77.0, 274.0)	(78.0, 193.0)	(79.0, 134.5)	(80.0, 117.0)	(81.0, 116.0)	(82.0, 92.0)	(83.0, 74.0)	(84.0, 60.5)	(85.0, 55.0)	(86.0, 41.5)	(87.0, 25.0)	(88.0, 25.0)	(89.0, 28.0)	(90.0, 24.0)	(91.0, 20.5)	(92.0, 20.0)	(93.0, 19.0)	(94.0, 17.0)	(95.0, 15.0)	(96.0, 17.0)	(97.0, 18.0)	(98.0, 18.0)	(99.0, 28.5)	(100.0, 151.0)
SRR16013054_2.trimmed.fastq.gz	(0.0, 13.0)	(1.0, 11.5)	(2.0, 14.5)	(3.0, 27.0)	(4.0, 37.5)	(5.0, 38.0)	(6.0, 43.0)	(7.0, 49.0)	(8.0, 49.0)	(9.0, 48.5)	(10.0, 49.5)	(11.0, 54.0)	(12.0, 49.0)	(13.0, 46.0)	(14.0, 50.0)	(15.0, 52.0)	(16.0, 48.5)	(17.0, 52.0)	(18.0, 62.5)	(19.0, 59.0)	(20.0, 60.0)	(21.0, 76.0)	(22.0, 109.0)	(23.0, 152.5)	(24.0, 202.5)	(25.0, 285.5)	(26.0, 402.0)	(27.0, 548.5)	(28.0, 671.0)	(29.0, 791.5)	(30.0, 987.5)	(31.0, 1222.0)	(32.0, 1396.0)	(33.0, 1494.0)	(34.0, 1597.0)	(35.0, 1725.0)	(36.0, 1871.0)	(37.0, 2007.0)	(38.0, 2115.0)	(39.0, 2213.0)	(40.0, 2276.5)	(41.0, 2296.5)	(42.0, 2356.5)	(43.0, 2462.0)	(44.0, 2451.5)	(45.0, 2502.5)	(46.0, 2608.5)	(47.0, 2541.0)	(48.0, 2484.5)	(49.0, 2433.5)	(50.0, 2409.5)	(51.0, 2469.0)	(52.0, 2455.0)	(53.0, 2470.5)	(54.0, 2540.0)	(55.0, 2509.0)	(56.0, 2458.5)	(57.0, 2371.5)	(58.0, 2329.0)	(59.0, 2613.5)	(60.0, 2833.5)	(61.0, 3091.0)	(62.0, 3156.0)	(63.0, 2829.5)	(64.0, 2548.5)	(65.0, 1990.5)	(66.0, 1414.5)	(67.0, 1154.5)	(68.0, 1001.0)	(69.0, 859.5)	(70.0, 652.0)	(71.0, 462.5)	(72.0, 377.0)	(73.0, 298.0)	(74.0, 247.5)	(75.0, 235.0)	(76.0, 269.5)	(77.0, 274.5)	(78.0, 231.0)	(79.0, 164.5)	(80.0, 117.0)	(81.0, 103.5)	(82.0, 86.5)	(83.0, 70.0)	(84.0, 44.5)	(85.0, 32.5)	(86.0, 37.0)	(87.0, 28.5)	(88.0, 11.5)	(89.0, 2.5)	(90.0, 1.0)	(91.0, 1.5)	(92.0, 3.0)	(93.0, 6.0)	(94.0, 5.0)	(95.0, 1.5)	(96.0, 0.5)	(97.0, 1.0)	(98.0, 1.5)	(99.0, 7.0)	(100.0, 37.0)
SRR16013056_1.fastq.gz	(0.0, 8.0)	(1.0, 6.5)	(2.0, 4.0)	(3.0, 5.5)	(4.0, 5.0)	(5.0, 4.5)	(6.0, 5.5)	(7.0, 3.0)	(8.0, 4.0)	(9.0, 5.0)	(10.0, 3.0)	(11.0, 4.0)	(12.0, 4.5)	(13.0, 3.0)	(14.0, 2.0)	(15.0, 1.5)	(16.0, 2.0)	(17.0, 3.5)	(18.0, 10.5)	(19.0, 25.0)	(20.0, 37.0)	(21.0, 51.5)	(22.0, 69.0)	(23.0, 100.5)	(24.0, 152.0)	(25.0, 223.5)	(26.0, 312.0)	(27.0, 447.0)	(28.0, 585.5)	(29.0, 763.5)	(30.0, 941.0)	(31.0, 1056.5)	(32.0, 1187.0)	(33.0, 1328.0)	(34.0, 1498.0)	(35.0, 1709.0)	(36.0, 1915.0)	(37.0, 2027.0)	(38.0, 2132.0)	(39.0, 2265.0)	(40.0, 2401.0)	(41.0, 2531.0)	(42.0, 2666.5)	(43.0, 2704.5)	(44.0, 2728.5)	(45.0, 2855.0)	(46.0, 2914.5)	(47.0, 2937.0)	(48.0, 2892.0)	(49.0, 2750.0)	(50.0, 2731.0)	(51.0, 2823.0)	(52.0, 2910.5)	(53.0, 2868.0)	(54.0, 2695.5)	(55.0, 2663.5)	(56.0, 2810.5)	(57.0, 2901.5)	(58.0, 2893.5)	(59.0, 3043.0)	(60.0, 3367.5)	(61.0, 4041.0)	(62.0, 3905.5)	(63.0, 3288.0)	(64.0, 2726.5)	(65.0, 1815.5)	(66.0, 1311.5)	(67.0, 1069.0)	(68.0, 930.5)	(69.0, 693.0)	(70.0, 513.5)	(71.0, 419.0)	(72.0, 363.5)	(73.0, 294.0)	(74.0, 153.5)	(75.0, 117.5)	(76.0, 97.0)	(77.0, 74.0)	(78.0, 64.0)	(79.0, 41.0)	(80.0, 24.0)	(81.0, 23.5)	(82.0, 19.0)	(83.0, 8.5)	(84.0, 4.0)	(85.0, 4.0)	(86.0, 2.5)	(87.0, 1.5)	(88.0, 0.5)	(89.0, 0.5)	(90.0, 0.0)	(91.0, 0.0)	(92.0, 0.0)	(93.0, 0.0)	(94.0, 0.0)	(95.0, 0.0)	(96.0, 0.0)	(97.0, 0.5)	(98.0, 0.5)	(99.0, 0.0)	(100.0, 0.0)
SRR16013056_1.trimmed.fastq.gz	(0.0, 8.0)	(1.0, 6.0)	(2.0, 3.5)	(3.0, 5.5)	(4.0, 5.0)	(5.0, 4.0)	(6.0, 5.0)	(7.0, 2.5)	(8.0, 1.5)	(9.0, 1.5)	(10.0, 1.0)	(11.0, 1.5)	(12.0, 1.5)	(13.0, 1.0)	(14.0, 1.0)	(15.0, 1.5)	(16.0, 1.5)	(17.0, 2.5)	(18.0, 10.5)	(19.0, 26.0)	(20.0, 36.5)	(21.0, 49.0)	(22.0, 70.5)	(23.0, 103.0)	(24.0, 152.5)	(25.0, 221.0)	(26.0, 310.0)	(27.0, 439.0)	(28.0, 582.5)	(29.0, 769.5)	(30.0, 942.5)	(31.0, 1062.5)	(32.0, 1193.5)	(33.0, 1338.5)	(34.0, 1507.5)	(35.0, 1698.5)	(36.0, 1869.5)	(37.0, 1970.0)	(38.0, 2071.0)	(39.0, 2200.0)	(40.0, 2335.5)	(41.0, 2441.0)	(42.0, 2548.5)	(43.0, 2623.5)	(44.0, 2653.0)	(45.0, 2710.0)	(46.0, 2750.0)	(47.0, 2766.5)	(48.0, 2686.0)	(49.0, 2543.0)	(50.0, 2560.0)	(51.0, 2655.5)	(52.0, 2724.5)	(53.0, 2669.5)	(54.0, 2512.5)	(55.0, 2483.0)	(56.0, 2611.5)	(57.0, 2681.0)	(58.0, 2681.5)	(59.0, 2844.0)	(60.0, 3099.0)	(61.0, 3719.0)	(62.0, 3672.0)	(63.0, 3106.5)	(64.0, 2537.5)	(65.0, 1685.0)	(66.0, 1231.0)	(67.0, 1006.5)	(68.0, 882.5)	(69.0, 667.0)	(70.0, 483.0)	(71.0, 393.0)	(72.0, 355.5)	(73.0, 289.0)	(74.0, 150.0)	(75.0, 118.5)	(76.0, 105.0)	(77.0, 78.0)	(78.0, 66.5)	(79.0, 47.0)	(80.0, 26.5)	(81.0, 26.0)	(82.0, 31.0)	(83.0, 21.0)	(84.0, 9.0)	(85.0, 9.0)	(86.0, 5.5)	(87.0, 3.0)	(88.0, 2.5)	(89.0, 2.5)	(90.0, 1.0)	(91.0, 0.0)	(92.0, 0.0)	(93.0, 0.0)	(94.0, 0.0)	(95.0, 0.0)	(96.0, 0.0)	(97.0, 0.0)	(98.0, 0.0)	(99.0, 0.0)	(100.0, 0.0)
SRR16013056_2.fastq.gz	(0.0, 17.0)	(1.0, 15.0)	(2.0, 23.0)	(3.0, 31.0)	(4.0, 33.0)	(5.0, 44.0)	(6.0, 54.0)	(7.0, 55.5)	(8.0, 59.5)	(9.0, 62.0)	(10.0, 64.0)	(11.0, 75.5)	(12.0, 74.0)	(13.0, 68.5)	(14.0, 76.5)	(15.0, 93.5)	(16.0, 101.5)	(17.0, 95.5)	(18.0, 104.5)	(19.0, 115.5)	(20.0, 122.0)	(21.0, 153.0)	(22.0, 194.5)	(23.0, 236.0)	(24.0, 282.5)	(25.0, 370.5)	(26.0, 486.0)	(27.0, 602.0)	(28.0, 739.5)	(29.0, 857.5)	(30.0, 958.5)	(31.0, 1089.0)	(32.0, 1231.5)	(33.0, 1400.5)	(34.0, 1517.5)	(35.0, 1649.5)	(36.0, 1872.0)	(37.0, 2037.0)	(38.0, 2149.5)	(39.0, 2249.0)	(40.0, 2333.0)	(41.0, 2422.0)	(42.0, 2535.5)	(43.0, 2630.0)	(44.0, 2663.0)	(45.0, 2745.0)	(46.0, 2814.5)	(47.0, 2739.0)	(48.0, 2707.0)	(49.0, 2684.0)	(50.0, 2590.5)	(51.0, 2575.5)	(52.0, 2654.0)	(53.0, 2655.5)	(54.0, 2703.0)	(55.0, 2661.0)	(56.0, 2507.5)	(57.0, 2468.0)	(58.0, 2492.5)	(59.0, 2737.5)	(60.0, 3105.5)	(61.0, 3656.5)	(62.0, 3746.0)	(63.0, 3299.0)	(64.0, 2934.5)	(65.0, 2266.5)	(66.0, 1554.5)	(67.0, 1136.0)	(68.0, 902.5)	(69.0, 734.0)	(70.0, 517.0)	(71.0, 376.0)	(72.0, 340.0)	(73.0, 280.0)	(74.0, 199.5)	(75.0, 153.0)	(76.0, 110.5)	(77.0, 89.0)	(78.0, 77.5)	(79.0, 59.5)	(80.0, 52.0)	(81.0, 39.5)	(82.0, 30.5)	(83.0, 32.5)	(84.0, 30.5)	(85.0, 23.5)	(86.0, 16.5)	(87.0, 14.5)	(88.0, 15.0)	(89.0, 14.5)	(90.0, 14.5)	(91.0, 13.5)	(92.0, 12.0)	(93.0, 10.5)	(94.0, 12.5)	(95.0, 13.5)	(96.0, 17.0)	(97.0, 18.0)	(98.0, 18.5)	(99.0, 29.5)	(100.0, 141.0)
SRR16013056_2.trimmed.fastq.gz	(0.0, 15.0)	(1.0, 14.0)	(2.0, 22.5)	(3.0, 29.0)	(4.0, 29.5)	(5.0, 39.0)	(6.0, 47.0)	(7.0, 45.5)	(8.0, 42.5)	(9.0, 44.5)	(10.0, 47.0)	(11.0, 53.5)	(12.0, 50.0)	(13.0, 44.5)	(14.0, 52.0)	(15.0, 57.5)	(16.0, 59.0)	(17.0, 51.5)	(18.0, 54.0)	(19.0, 68.0)	(20.0, 74.5)	(21.0, 91.5)	(22.0, 125.5)	(23.0, 163.0)	(24.0, 200.0)	(25.0, 279.0)	(26.0, 388.5)	(27.0, 492.0)	(28.0, 631.0)	(29.0, 764.0)	(30.0, 866.5)	(31.0, 1002.0)	(32.0, 1157.5)	(33.0, 1334.5)	(34.0, 1456.5)	(35.0, 1597.5)	(36.0, 1807.0)	(37.0, 1956.5)	(38.0, 2041.5)	(39.0, 2148.0)	(40.0, 2263.0)	(41.0, 2341.0)	(42.0, 2428.5)	(43.0, 2540.0)	(44.0, 2591.5)	(45.0, 2627.5)	(46.0, 2698.5)	(47.0, 2636.0)	(48.0, 2568.0)	(49.0, 2531.5)	(50.0, 2471.0)	(51.0, 2466.5)	(52.0, 2546.0)	(53.0, 2571.5)	(54.0, 2614.5)	(55.0, 2560.5)	(56.0, 2411.5)	(57.0, 2386.0)	(58.0, 2417.0)	(59.0, 2674.0)	(60.0, 3034.5)	(61.0, 3569.5)	(62.0, 3714.5)	(63.0, 3307.5)	(64.0, 2913.0)	(65.0, 2217.0)	(66.0, 1514.5)	(67.0, 1107.5)	(68.0, 879.5)	(69.0, 719.0)	(70.0, 493.5)	(71.0, 341.5)	(72.0, 307.0)	(73.0, 262.0)	(74.0, 181.5)	(75.0, 131.0)	(76.0, 98.5)	(77.0, 79.5)	(78.0, 68.0)	(79.0, 47.5)	(80.0, 35.0)	(81.0, 26.5)	(82.0, 24.5)	(83.0, 20.0)	(84.0, 10.5)	(85.0, 10.0)	(86.0, 7.5)	(87.0, 4.0)	(88.0, 2.0)	(89.0, 1.5)	(90.0, 1.0)	(91.0, 1.0)	(92.0, 0.5)	(93.0, 0.0)	(94.0, 0.0)	(95.0, 0.0)	(96.0, 0.0)	(97.0, 0.5)	(98.0, 1.0)	(99.0, 6.0)	(100.0, 29.5)
SRR16013070_1.fastq.gz	(0.0, 4.0)	(1.0, 4.0)	(2.0, 3.5)	(3.0, 4.0)	(4.0, 4.5)	(5.0, 5.0)	(6.0, 7.0)	(7.0, 6.5)	(8.0, 3.0)	(9.0, 1.0)	(10.0, 5.0)	(11.0, 7.0)	(12.0, 3.5)	(13.0, 3.0)	(14.0, 4.0)	(15.0, 5.5)	(16.0, 10.0)	(17.0, 10.5)	(18.0, 12.0)	(19.0, 15.5)	(20.0, 24.5)	(21.0, 40.0)	(22.0, 63.0)	(23.0, 101.0)	(24.0, 155.0)	(25.0, 238.0)	(26.0, 337.0)	(27.0, 434.5)	(28.0, 552.5)	(29.0, 712.5)	(30.0, 862.0)	(31.0, 995.5)	(32.0, 1159.0)	(33.0, 1367.0)	(34.0, 1500.0)	(35.0, 1578.0)	(36.0, 1767.5)	(37.0, 1943.5)	(38.0, 2069.0)	(39.0, 2160.5)	(40.0, 2334.0)	(41.0, 2429.0)	(42.0, 2436.5)	(43.0, 2587.5)	(44.0, 2714.5)	(45.0, 2734.5)	(46.0, 2785.0)	(47.0, 2775.0)	(48.0, 2689.0)	(49.0, 2649.0)	(50.0, 2640.5)	(51.0, 2678.5)	(52.0, 2706.0)	(53.0, 2697.0)	(54.0, 2650.5)	(55.0, 2683.5)	(56.0, 2764.5)	(57.0, 2741.5)	(58.0, 2795.5)	(59.0, 3201.5)	(60.0, 3894.5)	(61.0, 4872.0)	(62.0, 4647.5)	(63.0, 3781.0)	(64.0, 3012.5)	(65.0, 1861.0)	(66.0, 1278.5)	(67.0, 1038.0)	(68.0, 906.0)	(69.0, 720.5)	(70.0, 498.5)	(71.0, 372.0)	(72.0, 345.5)	(73.0, 274.0)	(74.0, 147.0)	(75.0, 107.0)	(76.0, 89.5)	(77.0, 71.0)	(78.0, 63.5)	(79.0, 53.0)	(80.0, 24.5)	(81.0, 16.5)	(82.0, 16.5)	(83.0, 10.5)	(84.0, 8.0)	(85.0, 10.0)	(86.0, 7.5)	(87.0, 3.5)	(88.0, 0.0)	(89.0, 0.0)	(90.0, 0.0)	(91.0, 0.0)	(92.0, 0.0)	(93.0, 0.0)	(94.0, 0.0)	(95.0, 0.0)	(96.0, 0.0)	(97.0, 0.0)	(98.0, 0.5)	(99.0, 0.5)	(100.0, 0.0)
SRR16013070_1.trimmed.fastq.gz	(0.0, 4.0)	(1.0, 4.5)	(2.0, 4.5)	(3.0, 5.0)	(4.0, 5.0)	(5.0, 4.0)	(6.0, 5.5)	(7.0, 5.5)	(8.0, 2.5)	(9.0, 1.0)	(10.0, 4.0)	(11.0, 5.5)	(12.0, 3.0)	(13.0, 1.5)	(14.0, 1.5)	(15.0, 4.5)	(16.0, 9.0)	(17.0, 8.5)	(18.0, 7.0)	(19.0, 12.5)	(20.0, 26.5)	(21.0, 41.5)	(22.0, 57.0)	(23.0, 95.5)	(24.0, 153.5)	(25.0, 227.0)	(26.0, 327.0)	(27.0, 439.0)	(28.0, 559.0)	(29.0, 701.5)	(30.0, 854.0)	(31.0, 993.0)	(32.0, 1140.5)	(33.0, 1320.5)	(34.0, 1458.5)	(35.0, 1541.0)	(36.0, 1699.0)	(37.0, 1850.5)	(38.0, 1964.5)	(39.0, 2062.5)	(40.0, 2213.0)	(41.0, 2292.5)	(42.0, 2321.5)	(43.0, 2446.5)	(44.0, 2528.5)	(45.0, 2528.5)	(46.0, 2537.5)	(47.0, 2546.5)	(48.0, 2493.0)	(49.0, 2407.5)	(50.0, 2388.0)	(51.0, 2463.0)	(52.0, 2482.5)	(53.0, 2459.5)	(54.0, 2394.5)	(55.0, 2425.0)	(56.0, 2517.5)	(57.0, 2472.0)	(58.0, 2521.0)	(59.0, 2889.0)	(60.0, 3514.5)	(61.0, 4393.0)	(62.0, 4200.5)	(63.0, 3436.5)	(64.0, 2725.5)	(65.0, 1686.0)	(66.0, 1176.5)	(67.0, 958.5)	(68.0, 832.0)	(69.0, 669.0)	(70.0, 479.5)	(71.0, 358.5)	(72.0, 325.0)	(73.0, 255.5)	(74.0, 136.0)	(75.0, 102.5)	(76.0, 81.0)	(77.0, 62.0)	(78.0, 63.5)	(79.0, 53.5)	(80.0, 22.5)	(81.0, 18.5)	(82.0, 27.5)	(83.0, 20.5)	(84.0, 12.0)	(85.0, 12.0)	(86.0, 9.5)	(87.0, 6.0)	(88.0, 1.5)	(89.0, 1.0)	(90.0, 0.0)	(91.0, 0.0)	(92.0, 0.0)	(93.0, 0.0)	(94.0, 0.0)	(95.0, 0.0)	(96.0, 0.0)	(97.0, 0.0)	(98.0, 0.0)	(99.0, 0.0)	(100.0, 0.0)
SRR16013070_2.fastq.gz	(0.0, 19.0)	(1.0, 22.5)	(2.0, 29.0)	(3.0, 33.5)	(4.0, 41.5)	(5.0, 52.0)	(6.0, 65.5)	(7.0, 74.5)	(8.0, 74.0)	(9.0, 82.0)	(10.0, 95.5)	(11.0, 101.0)	(12.0, 99.0)	(13.0, 100.0)	(14.0, 109.5)	(15.0, 123.0)	(16.0, 137.5)	(17.0, 137.5)	(18.0, 141.5)	(19.0, 149.5)	(20.0, 162.0)	(21.0, 189.0)	(22.0, 223.0)	(23.0, 272.5)	(24.0, 340.0)	(25.0, 424.0)	(26.0, 517.5)	(27.0, 656.0)	(28.0, 767.5)	(29.0, 869.0)	(30.0, 986.0)	(31.0, 1131.5)	(32.0, 1253.5)	(33.0, 1360.0)	(34.0, 1509.5)	(35.0, 1613.0)	(36.0, 1752.5)	(37.0, 1991.5)	(38.0, 2116.5)	(39.0, 2149.0)	(40.0, 2223.5)	(41.0, 2313.5)	(42.0, 2412.0)	(43.0, 2438.0)	(44.0, 2473.0)	(45.0, 2557.0)	(46.0, 2585.5)	(47.0, 2536.5)	(48.0, 2546.5)	(49.0, 2538.0)	(50.0, 2453.0)	(51.0, 2442.0)	(52.0, 2502.5)	(53.0, 2569.0)	(54.0, 2609.5)	(55.0, 2563.5)	(56.0, 2468.0)	(57.0, 2393.0)	(58.0, 2460.0)	(59.0, 2858.0)	(60.0, 3359.0)	(61.0, 4057.5)	(62.0, 4140.5)	(63.0, 3524.5)	(64.0, 3186.5)	(65.0, 2480.5)	(66.0, 1559.0)	(67.0, 1123.5)	(68.0, 885.5)	(69.0, 658.5)	(70.0, 483.0)	(71.0, 356.0)	(72.0, 341.5)	(73.0, 296.0)	(74.0, 215.5)	(75.0, 160.5)	(76.0, 126.0)	(77.0, 109.5)	(78.0, 83.5)	(79.0, 72.5)	(80.0, 60.5)	(81.0, 49.0)	(82.0, 41.0)	(83.0, 38.5)	(84.0, 36.5)	(85.0, 28.0)	(86.0, 23.5)	(87.0, 24.5)	(88.0, 26.0)	(89.0, 25.5)	(90.0, 21.5)	(91.0, 17.0)	(92.0, 17.5)	(93.0, 16.5)	(94.0, 13.0)	(95.0, 16.5)	(96.0, 18.0)	(97.0, 20.5)	(98.0, 29.5)	(99.0, 35.5)	(100.0, 169.0)
SRR16013070_2.trimmed.fastq.gz	(0.0, 20.0)	(1.0, 23.0)	(2.0, 28.0)	(3.0, 31.5)	(4.0, 37.0)	(5.0, 43.0)	(6.0, 54.0)	(7.0, 61.5)	(8.0, 53.0)	(9.0, 56.5)	(10.0, 70.0)	(11.0, 78.0)	(12.0, 72.5)	(13.0, 65.0)	(14.0, 71.0)	(15.0, 68.0)	(16.0, 65.5)	(17.0, 66.0)	(18.0, 68.0)	(19.0, 75.5)	(20.0, 82.0)	(21.0, 94.5)	(22.0, 120.0)	(23.0, 154.5)	(24.0, 228.0)	(25.0, 311.5)	(26.0, 372.0)	(27.0, 490.5)	(28.0, 608.5)	(29.0, 726.0)	(30.0, 862.5)	(31.0, 1004.0)	(32.0, 1130.5)	(33.0, 1226.0)	(34.0, 1362.0)	(35.0, 1485.5)	(36.0, 1619.5)	(37.0, 1839.0)	(38.0, 1982.5)	(39.0, 2033.0)	(40.0, 2092.0)	(41.0, 2180.5)	(42.0, 2296.0)	(43.0, 2312.5)	(44.0, 2320.5)	(45.0, 2385.5)	(46.0, 2385.5)	(47.0, 2372.0)	(48.0, 2412.0)	(49.0, 2386.5)	(50.0, 2309.0)	(51.0, 2305.5)	(52.0, 2346.0)	(53.0, 2408.5)	(54.0, 2456.0)	(55.0, 2438.5)	(56.0, 2355.0)	(57.0, 2273.5)	(58.0, 2346.5)	(59.0, 2727.5)	(60.0, 3265.0)	(61.0, 4002.0)	(62.0, 4084.5)	(63.0, 3503.5)	(64.0, 3163.5)	(65.0, 2425.5)	(66.0, 1513.0)	(67.0, 1078.0)	(68.0, 848.5)	(69.0, 633.5)	(70.0, 461.5)	(71.0, 329.0)	(72.0, 291.5)	(73.0, 244.5)	(74.0, 171.5)	(75.0, 119.0)	(76.0, 87.0)	(77.0, 73.0)	(78.0, 56.5)	(79.0, 43.0)	(80.0, 29.0)	(81.0, 24.0)	(82.0, 27.5)	(83.0, 20.0)	(84.0, 9.5)	(85.0, 10.0)	(86.0, 9.0)	(87.0, 5.0)	(88.0, 2.0)	(89.0, 2.0)	(90.0, 1.0)	(91.0, 1.0)	(92.0, 0.5)	(93.0, 0.0)	(94.0, 0.0)	(95.0, 0.5)	(96.0, 1.0)	(97.0, 2.5)	(98.0, 5.0)	(99.0, 8.5)	(100.0, 43.0)
SRR16013072_1.fastq.gz	(0.0, 35.0)	(1.0, 23.0)	(2.0, 13.0)	(3.0, 10.5)	(4.0, 8.0)	(5.0, 9.0)	(6.0, 9.0)	(7.0, 6.0)	(8.0, 6.5)	(9.0, 9.0)	(10.0, 7.5)	(11.0, 6.0)	(12.0, 4.0)	(13.0, 2.5)	(14.0, 2.5)	(15.0, 5.0)	(16.0, 5.5)	(17.0, 8.5)	(18.0, 14.5)	(19.0, 20.0)	(20.0, 27.5)	(21.0, 43.0)	(22.0, 67.0)	(23.0, 105.0)	(24.0, 163.5)	(25.0, 233.5)	(26.0, 337.0)	(27.0, 433.0)	(28.0, 515.0)	(29.0, 655.0)	(30.0, 833.0)	(31.0, 971.0)	(32.0, 1055.0)	(33.0, 1128.5)	(34.0, 1304.0)	(35.0, 1486.5)	(36.0, 1709.0)	(37.0, 1892.0)	(38.0, 1921.0)	(39.0, 2015.5)	(40.0, 2167.0)	(41.0, 2287.5)	(42.0, 2348.5)	(43.0, 2393.0)	(44.0, 2539.5)	(45.0, 2642.5)	(46.0, 2681.5)	(47.0, 2618.5)	(48.0, 2473.0)	(49.0, 2382.0)	(50.0, 2325.0)	(51.0, 2478.0)	(52.0, 2637.5)	(53.0, 2618.0)	(54.0, 2507.0)	(55.0, 2427.5)	(56.0, 2441.0)	(57.0, 2857.5)	(58.0, 3147.0)	(59.0, 3350.5)	(60.0, 4215.5)	(61.0, 5606.0)	(62.0, 5431.5)	(63.0, 4436.0)	(64.0, 3489.5)	(65.0, 1906.0)	(66.0, 1213.5)	(67.0, 1082.5)	(68.0, 966.5)	(69.0, 739.5)	(70.0, 526.0)	(71.0, 393.5)	(72.0, 350.5)	(73.0, 286.0)	(74.0, 178.5)	(75.0, 167.0)	(76.0, 139.0)	(77.0, 112.5)	(78.0, 99.5)	(79.0, 71.0)	(80.0, 33.0)	(81.0, 39.5)	(82.0, 45.5)	(83.0, 23.0)	(84.0, 10.0)	(85.0, 10.5)	(86.0, 12.5)	(87.0, 7.5)	(88.0, 0.5)	(89.0, 0.5)	(90.0, 0.0)	(91.0, 0.0)	(92.0, 0.0)	(93.0, 0.5)	(94.0, 0.5)	(95.0, 0.0)	(96.0, 0.5)	(97.0, 0.5)	(98.0, 0.5)	(99.0, 0.5)	(100.0, 0.0)
SRR16013072_1.trimmed.fastq.gz	(0.0, 35.0)	(1.0, 22.0)	(2.0, 10.0)	(3.0, 8.0)	(4.0, 6.0)	(5.0, 6.0)	(6.0, 6.5)	(7.0, 5.5)	(8.0, 4.0)	(9.0, 6.0)	(10.0, 5.5)	(11.0, 3.0)	(12.0, 3.0)	(13.0, 2.0)	(14.0, 1.5)	(15.0, 3.5)	(16.0, 3.5)	(17.0, 6.5)	(18.0, 12.0)	(19.0, 17.5)	(20.0, 24.5)	(21.0, 38.5)	(22.0, 65.5)	(23.0, 105.5)	(24.0, 166.0)	(25.0, 232.0)	(26.0, 330.5)	(27.0, 433.0)	(28.0, 538.0)	(29.0, 666.0)	(30.0, 812.0)	(31.0, 973.5)	(32.0, 1087.5)	(33.0, 1149.5)	(34.0, 1286.0)	(35.0, 1487.0)	(36.0, 1693.0)	(37.0, 1829.5)	(38.0, 1858.5)	(39.0, 1954.0)	(40.0, 2070.0)	(41.0, 2173.0)	(42.0, 2270.5)	(43.0, 2355.0)	(44.0, 2477.5)	(45.0, 2478.0)	(46.0, 2437.0)	(47.0, 2362.5)	(48.0, 2272.5)	(49.0, 2189.0)	(50.0, 2119.5)	(51.0, 2293.5)	(52.0, 2460.5)	(53.0, 2432.5)	(54.0, 2312.0)	(55.0, 2203.5)	(56.0, 2208.5)	(57.0, 2611.0)	(58.0, 2851.0)	(59.0, 3077.5)	(60.0, 3908.5)	(61.0, 5143.0)	(62.0, 4951.0)	(63.0, 4057.5)	(64.0, 3219.5)	(65.0, 1758.0)	(66.0, 1131.5)	(67.0, 1013.0)	(68.0, 904.5)	(69.0, 693.0)	(70.0, 487.5)	(71.0, 366.0)	(72.0, 328.0)	(73.0, 262.0)	(74.0, 153.5)	(75.0, 146.0)	(76.0, 127.5)	(77.0, 123.5)	(78.0, 133.0)	(79.0, 96.0)	(80.0, 53.0)	(81.0, 60.0)	(82.0, 69.0)	(83.0, 49.5)	(84.0, 26.5)	(85.0, 21.0)	(86.0, 17.5)	(87.0, 10.5)	(88.0, 6.5)	(89.0, 7.5)	(90.0, 6.0)	(91.0, 3.5)	(92.0, 1.5)	(93.0, 1.0)	(94.0, 1.0)	(95.0, 0.5)	(96.0, 0.0)	(97.0, 0.0)	(98.0, 0.0)	(99.0, 0.0)	(100.0, 0.0)
SRR16013072_2.fastq.gz	(0.0, 33.0)	(1.0, 29.5)	(2.0, 29.5)	(3.0, 39.0)	(4.0, 46.0)	(5.0, 54.0)	(6.0, 62.5)	(7.0, 68.5)	(8.0, 76.5)	(9.0, 84.5)	(10.0, 85.0)	(11.0, 93.5)	(12.0, 106.5)	(13.0, 105.0)	(14.0, 98.0)	(15.0, 98.5)	(16.0, 106.5)	(17.0, 107.0)	(18.0, 120.0)	(19.0, 134.0)	(20.0, 153.0)	(21.0, 159.0)	(22.0, 176.5)	(23.0, 243.0)	(24.0, 302.0)	(25.0, 343.5)	(26.0, 424.0)	(27.0, 558.5)	(28.0, 694.0)	(29.0, 814.0)	(30.0, 924.5)	(31.0, 1038.0)	(32.0, 1158.5)	(33.0, 1317.0)	(34.0, 1429.5)	(35.0, 1548.5)	(36.0, 1752.5)	(37.0, 1836.5)	(38.0, 1896.5)	(39.0, 2053.5)	(40.0, 2193.0)	(41.0, 2246.5)	(42.0, 2235.5)	(43.0, 2247.5)	(44.0, 2330.0)	(45.0, 2412.5)	(46.0, 2516.5)	(47.0, 2562.5)	(48.0, 2497.5)	(49.0, 2333.0)	(50.0, 2190.5)	(51.0, 2223.5)	(52.0, 2267.5)	(53.0, 2377.0)	(54.0, 2556.0)	(55.0, 2514.5)	(56.0, 2340.0)	(57.0, 2293.5)	(58.0, 2539.0)	(59.0, 3115.5)	(60.0, 3683.5)	(61.0, 4819.0)	(62.0, 5079.5)	(63.0, 4070.5)	(64.0, 3542.0)	(65.0, 2639.5)	(66.0, 1515.5)	(67.0, 1078.5)	(68.0, 936.0)	(69.0, 736.0)	(70.0, 554.0)	(71.0, 414.5)	(72.0, 359.5)	(73.0, 309.5)	(74.0, 239.0)	(75.0, 200.0)	(76.0, 174.5)	(77.0, 146.5)	(78.0, 109.0)	(79.0, 89.0)	(80.0, 68.0)	(81.0, 59.5)	(82.0, 61.0)	(83.0, 50.5)	(84.0, 34.5)	(85.0, 34.0)	(86.0, 30.0)	(87.0, 23.5)	(88.0, 21.0)	(89.0, 16.5)	(90.0, 17.5)	(91.0, 19.5)	(92.0, 17.5)	(93.0, 14.5)	(94.0, 15.0)	(95.0, 17.0)	(96.0, 17.5)	(97.0, 19.5)	(98.0, 24.0)	(99.0, 33.5)	(100.0, 178.0)
SRR16013072_2.trimmed.fastq.gz	(0.0, 30.0)	(1.0, 26.5)	(2.0, 27.0)	(3.0, 34.0)	(4.0, 39.5)	(5.0, 47.5)	(6.0, 51.0)	(7.0, 54.0)	(8.0, 64.0)	(9.0, 68.0)	(10.0, 62.5)	(11.0, 67.5)	(12.0, 73.5)	(13.0, 66.5)	(14.0, 65.5)	(15.0, 68.5)	(16.0, 61.5)	(17.0, 55.5)	(18.0, 61.0)	(19.0, 68.0)	(20.0, 82.0)	(21.0, 88.0)	(22.0, 104.0)	(23.0, 150.5)	(24.0, 203.5)	(25.0, 243.5)	(26.0, 322.5)	(27.0, 447.0)	(28.0, 585.0)	(29.0, 708.0)	(30.0, 806.5)	(31.0, 935.0)	(32.0, 1083.5)	(33.0, 1228.0)	(34.0, 1310.5)	(35.0, 1467.5)	(36.0, 1673.5)	(37.0, 1743.0)	(38.0, 1799.0)	(39.0, 1949.0)	(40.0, 2069.5)	(41.0, 2116.0)	(42.0, 2152.5)	(43.0, 2186.5)	(44.0, 2260.5)	(45.0, 2306.0)	(46.0, 2341.0)	(47.0, 2318.5)	(48.0, 2290.5)	(49.0, 2189.0)	(50.0, 2039.0)	(51.0, 2067.5)	(52.0, 2141.5)	(53.0, 2245.0)	(54.0, 2415.5)	(55.0, 2408.5)	(56.0, 2236.0)	(57.0, 2178.0)	(58.0, 2412.5)	(59.0, 3004.0)	(60.0, 3611.0)	(61.0, 4757.0)	(62.0, 5040.5)	(63.0, 4062.5)	(64.0, 3546.0)	(65.0, 2628.0)	(66.0, 1486.5)	(67.0, 1037.0)	(68.0, 893.0)	(69.0, 705.5)	(70.0, 517.5)	(71.0, 376.0)	(72.0, 316.0)	(73.0, 258.5)	(74.0, 178.0)	(75.0, 146.0)	(76.0, 139.5)	(77.0, 133.5)	(78.0, 116.5)	(79.0, 85.5)	(80.0, 59.0)	(81.0, 57.0)	(82.0, 63.0)	(83.0, 46.0)	(84.0, 23.5)	(85.0, 24.0)	(86.0, 17.0)	(87.0, 7.5)	(88.0, 6.5)	(89.0, 7.5)	(90.0, 6.0)	(91.0, 3.5)	(92.0, 1.5)	(93.0, 1.0)	(94.0, 1.0)	(95.0, 0.5)	(96.0, 0.0)	(97.0, 0.5)	(98.0, 2.0)	(99.0, 8.5)	(100.0, 52.0)
SRR16013073_1.fastq.gz	(0.0, 30.0)	(1.0, 20.0)	(2.0, 12.5)	(3.0, 12.0)	(4.0, 11.0)	(5.0, 11.5)	(6.0, 10.5)	(7.0, 12.0)	(8.0, 8.5)	(9.0, 5.0)	(10.0, 4.5)	(11.0, 5.5)	(12.0, 5.5)	(13.0, 5.0)	(14.0, 5.5)	(15.0, 5.0)	(16.0, 8.0)	(17.0, 9.5)	(18.0, 12.5)	(19.0, 19.0)	(20.0, 22.0)	(21.0, 40.5)	(22.0, 62.5)	(23.0, 94.5)	(24.0, 164.0)	(25.0, 207.5)	(26.0, 276.0)	(27.0, 404.5)	(28.0, 539.0)	(29.0, 681.5)	(30.0, 807.0)	(31.0, 923.0)	(32.0, 1034.5)	(33.0, 1226.0)	(34.0, 1401.0)	(35.0, 1495.0)	(36.0, 1590.5)	(37.0, 1699.5)	(38.0, 1815.0)	(39.0, 1902.5)	(40.0, 2023.5)	(41.0, 2171.0)	(42.0, 2270.0)	(43.0, 2308.5)	(44.0, 2352.0)	(45.0, 2479.5)	(46.0, 2588.0)	(47.0, 2537.0)	(48.0, 2425.0)	(49.0, 2354.0)	(50.0, 2293.0)	(51.0, 2356.0)	(52.0, 2501.5)	(53.0, 2579.5)	(54.0, 2529.5)	(55.0, 2452.5)	(56.0, 2530.0)	(57.0, 2966.0)	(58.0, 3212.5)	(59.0, 3374.5)	(60.0, 4290.5)	(61.0, 5906.0)	(62.0, 5789.5)	(63.0, 4611.5)	(64.0, 3551.5)	(65.0, 1943.0)	(66.0, 1292.0)	(67.0, 1166.0)	(68.0, 1015.5)	(69.0, 785.0)	(70.0, 548.5)	(71.0, 419.0)	(72.0, 405.5)	(73.0, 337.0)	(74.0, 192.0)	(75.0, 155.5)	(76.0, 133.0)	(77.0, 129.0)	(78.0, 122.5)	(79.0, 85.0)	(80.0, 48.0)	(81.0, 52.0)	(82.0, 46.5)	(83.0, 28.5)	(84.0, 17.5)	(85.0, 14.5)	(86.0, 13.5)	(87.0, 8.0)	(88.0, 2.0)	(89.0, 1.5)	(90.0, 1.0)	(91.0, 0.5)	(92.0, 0.5)	(93.0, 0.0)	(94.0, 0.0)	(95.0, 0.0)	(96.0, 0.0)	(97.0, 0.0)	(98.0, 0.5)	(99.0, 0.5)	(100.0, 0.0)
SRR16013073_1.trimmed.fastq.gz	(0.0, 29.0)	(1.0, 19.0)	(2.0, 11.5)	(3.0, 11.5)	(4.0, 10.5)	(5.0, 8.5)	(6.0, 6.0)	(7.0, 8.5)	(8.0, 6.5)	(9.0, 4.0)	(10.0, 3.5)	(11.0, 4.5)	(12.0, 3.5)	(13.0, 2.5)	(14.0, 4.5)	(15.0, 4.0)	(16.0, 7.0)	(17.0, 9.0)	(18.0, 11.5)	(19.0, 16.5)	(20.0, 18.5)	(21.0, 36.5)	(22.0, 62.5)	(23.0, 92.5)	(24.0, 154.0)	(25.0, 206.0)	(26.0, 281.5)	(27.0, 406.0)	(28.0, 545.0)	(29.0, 684.0)	(30.0, 800.0)	(31.0, 936.0)	(32.0, 1044.0)	(33.0, 1180.0)	(34.0, 1335.5)	(35.0, 1439.5)	(36.0, 1547.0)	(37.0, 1647.0)	(38.0, 1725.0)	(39.0, 1822.5)	(40.0, 1939.5)	(41.0, 2083.5)	(42.0, 2189.5)	(43.0, 2216.5)	(44.0, 2238.0)	(45.0, 2293.5)	(46.0, 2333.0)	(47.0, 2282.0)	(48.0, 2203.5)	(49.0, 2131.5)	(50.0, 2075.5)	(51.0, 2156.0)	(52.0, 2291.5)	(53.0, 2351.0)	(54.0, 2285.0)	(55.0, 2216.0)	(56.0, 2288.0)	(57.0, 2679.5)	(58.0, 2899.0)	(59.0, 3039.5)	(60.0, 3822.5)	(61.0, 5303.0)	(62.0, 5269.5)	(63.0, 4195.5)	(64.0, 3243.5)	(65.0, 1810.0)	(66.0, 1214.0)	(67.0, 1071.5)	(68.0, 912.0)	(69.0, 714.5)	(70.0, 511.5)	(71.0, 387.5)	(72.0, 375.5)	(73.0, 295.0)	(74.0, 157.0)	(75.0, 136.5)	(76.0, 129.0)	(77.0, 143.0)	(78.0, 149.0)	(79.0, 116.0)	(80.0, 79.0)	(81.0, 76.5)	(82.0, 70.5)	(83.0, 49.5)	(84.0, 28.5)	(85.0, 18.0)	(86.0, 18.5)	(87.0, 16.0)	(88.0, 7.0)	(89.0, 2.5)	(90.0, 1.5)	(91.0, 1.5)	(92.0, 0.5)	(93.0, 0.5)	(94.0, 1.0)	(95.0, 1.0)	(96.0, 0.5)	(97.0, 0.0)	(98.0, 0.0)	(99.0, 0.0)	(100.0, 0.0)
SRR16013073_2.fastq.gz	(0.0, 46.0)	(1.0, 46.0)	(2.0, 52.0)	(3.0, 63.5)	(4.0, 78.5)	(5.0, 78.5)	(6.0, 85.5)	(7.0, 88.0)	(8.0, 90.0)	(9.0, 99.0)	(10.0, 90.0)	(11.0, 88.5)	(12.0, 92.5)	(13.0, 92.0)	(14.0, 95.5)	(15.0, 95.0)	(16.0, 89.5)	(17.0, 99.5)	(18.0, 111.0)	(19.0, 110.5)	(20.0, 112.5)	(21.0, 140.5)	(22.0, 152.0)	(23.0, 181.5)	(24.0, 235.5)	(25.0, 288.0)	(26.0, 373.0)	(27.0, 465.5)	(28.0, 572.0)	(29.0, 714.0)	(30.0, 828.5)	(31.0, 919.0)	(32.0, 1049.0)	(33.0, 1182.0)	(34.0, 1320.5)	(35.0, 1474.5)	(36.0, 1599.0)	(37.0, 1682.0)	(38.0, 1818.0)	(39.0, 1906.0)	(40.0, 1917.0)	(41.0, 2003.5)	(42.0, 2083.0)	(43.0, 2159.0)	(44.0, 2216.5)	(45.0, 2226.5)	(46.0, 2358.0)	(47.0, 2353.0)	(48.0, 2317.0)	(49.0, 2293.5)	(50.0, 2150.0)	(51.0, 2164.5)	(52.0, 2257.5)	(53.0, 2330.0)	(54.0, 2487.5)	(55.0, 2535.5)	(56.0, 2377.5)	(57.0, 2295.0)	(58.0, 2449.0)	(59.0, 3020.5)	(60.0, 3797.5)	(61.0, 5049.5)	(62.0, 5277.5)	(63.0, 4258.5)	(64.0, 3691.0)	(65.0, 2719.0)	(66.0, 1617.0)	(67.0, 1138.0)	(68.0, 917.5)	(69.0, 750.0)	(70.0, 583.5)	(71.0, 456.0)	(72.0, 406.5)	(73.0, 384.0)	(74.0, 302.0)	(75.0, 239.0)	(76.0, 220.5)	(77.0, 201.5)	(78.0, 177.5)	(79.0, 137.0)	(80.0, 118.5)	(81.0, 117.0)	(82.0, 113.0)	(83.0, 104.5)	(84.0, 98.5)	(85.0, 94.5)	(86.0, 90.5)	(87.0, 94.5)	(88.0, 88.5)	(89.0, 88.0)	(90.0, 100.5)	(91.0, 115.5)	(92.0, 116.5)	(93.0, 111.5)	(94.0, 116.0)	(95.0, 122.0)	(96.0, 127.0)	(97.0, 138.5)	(98.0, 150.0)	(99.0, 172.0)	(100.0, 410.0)
SRR16013073_2.trimmed.fastq.gz	(0.0, 34.0)	(1.0, 34.5)	(2.0, 39.0)	(3.0, 51.0)	(4.0, 64.5)	(5.0, 58.0)	(6.0, 62.5)	(7.0, 65.0)	(8.0, 66.0)	(9.0, 69.5)	(10.0, 58.0)	(11.0, 54.0)	(12.0, 50.0)	(13.0, 51.0)	(14.0, 55.5)	(15.0, 52.0)	(16.0, 40.0)	(17.0, 45.0)	(18.0, 49.5)	(19.0, 44.0)	(20.0, 47.5)	(21.0, 62.0)	(22.0, 83.0)	(23.0, 119.5)	(24.0, 164.5)	(25.0, 221.0)	(26.0, 316.5)	(27.0, 407.0)	(28.0, 517.5)	(29.0, 668.0)	(30.0, 789.0)	(31.0, 907.5)	(32.0, 1026.5)	(33.0, 1129.5)	(34.0, 1252.5)	(35.0, 1405.0)	(36.0, 1551.5)	(37.0, 1627.0)	(38.0, 1726.0)	(39.0, 1832.5)	(40.0, 1873.5)	(41.0, 1958.0)	(42.0, 2036.0)	(43.0, 2109.0)	(44.0, 2164.0)	(45.0, 2132.0)	(46.0, 2205.0)	(47.0, 2195.5)	(48.0, 2184.5)	(49.0, 2167.5)	(50.0, 2039.0)	(51.0, 2072.0)	(52.0, 2141.5)	(53.0, 2209.5)	(54.0, 2360.5)	(55.0, 2413.5)	(56.0, 2267.5)	(57.0, 2188.0)	(58.0, 2340.0)	(59.0, 2916.0)	(60.0, 3707.5)	(61.0, 4991.5)	(62.0, 5269.5)	(63.0, 4249.0)	(64.0, 3679.0)	(65.0, 2691.5)	(66.0, 1575.0)	(67.0, 1099.0)	(68.0, 868.5)	(69.0, 699.5)	(70.0, 536.5)	(71.0, 394.5)	(72.0, 330.0)	(73.0, 301.0)	(74.0, 216.5)	(75.0, 155.0)	(76.0, 151.5)	(77.0, 151.0)	(78.0, 139.5)	(79.0, 103.5)	(80.0, 81.5)	(81.0, 79.5)	(82.0, 71.5)	(83.0, 58.0)	(84.0, 36.0)	(85.0, 20.5)	(86.0, 16.5)	(87.0, 14.0)	(88.0, 5.0)	(89.0, 0.5)	(90.0, 1.0)	(91.0, 1.5)	(92.0, 1.5)	(93.0, 2.0)	(94.0, 3.0)	(95.0, 3.5)	(96.0, 2.5)	(97.0, 3.5)	(98.0, 7.0)	(99.0, 11.0)	(100.0, 32.5)
SRR16013074_1.fastq.gz	(0.0, 27.0)	(1.0, 18.5)	(2.0, 9.0)	(3.0, 9.5)	(4.0, 16.5)	(5.0, 13.5)	(6.0, 7.0)	(7.0, 6.5)	(8.0, 7.0)	(9.0, 8.0)	(10.0, 6.0)	(11.0, 4.5)	(12.0, 4.5)	(13.0, 7.0)	(14.0, 6.5)	(15.0, 5.0)	(16.0, 9.5)	(17.0, 12.5)	(18.0, 12.0)	(19.0, 16.5)	(20.0, 26.0)	(21.0, 36.5)	(22.0, 59.5)	(23.0, 95.5)	(24.0, 159.5)	(25.0, 213.5)	(26.0, 281.0)	(27.0, 413.5)	(28.0, 544.0)	(29.0, 650.5)	(30.0, 795.0)	(31.0, 931.5)	(32.0, 1034.0)	(33.0, 1176.0)	(34.0, 1295.5)	(35.0, 1393.0)	(36.0, 1596.0)	(37.0, 1783.0)	(38.0, 1870.5)	(39.0, 2022.0)	(40.0, 2109.5)	(41.0, 2150.0)	(42.0, 2317.5)	(43.0, 2422.5)	(44.0, 2465.0)	(45.0, 2545.5)	(46.0, 2573.5)	(47.0, 2519.5)	(48.0, 2416.0)	(49.0, 2325.5)	(50.0, 2296.0)	(51.0, 2397.0)	(52.0, 2467.0)	(53.0, 2539.0)	(54.0, 2559.0)	(55.0, 2464.0)	(56.0, 2488.5)	(57.0, 2882.5)	(58.0, 3186.5)	(59.0, 3477.5)	(60.0, 4318.0)	(61.0, 5825.5)	(62.0, 5708.5)	(63.0, 4629.5)	(64.0, 3618.5)	(65.0, 1925.0)	(66.0, 1274.0)	(67.0, 1171.5)	(68.0, 1039.5)	(69.0, 772.5)	(70.0, 483.5)	(71.0, 366.0)	(72.0, 376.5)	(73.0, 319.0)	(74.0, 195.0)	(75.0, 178.0)	(76.0, 146.5)	(77.0, 114.5)	(78.0, 100.0)	(79.0, 71.0)	(80.0, 37.0)	(81.0, 45.5)	(82.0, 47.5)	(83.0, 23.0)	(84.0, 12.5)	(85.0, 11.5)	(86.0, 8.0)	(87.0, 5.0)	(88.0, 2.0)	(89.0, 1.5)	(90.0, 0.5)	(91.0, 0.0)	(92.0, 1.0)	(93.0, 1.0)	(94.0, 0.0)	(95.0, 0.0)	(96.0, 0.0)	(97.0, 0.0)	(98.0, 0.5)	(99.0, 0.5)	(100.0, 0.0)
SRR16013074_1.trimmed.fastq.gz	(0.0, 24.0)	(1.0, 18.0)	(2.0, 11.0)	(3.0, 9.0)	(4.0, 12.0)	(5.0, 10.0)	(6.0, 6.0)	(7.0, 5.0)	(8.0, 4.5)	(9.0, 6.0)	(10.0, 5.0)	(11.0, 4.0)	(12.0, 4.5)	(13.0, 5.5)	(14.0, 4.0)	(15.0, 2.5)	(16.0, 7.5)	(17.0, 12.0)	(18.0, 11.5)	(19.0, 14.5)	(20.0, 22.0)	(21.0, 32.5)	(22.0, 52.5)	(23.0, 88.0)	(24.0, 155.0)	(25.0, 204.5)	(26.0, 269.5)	(27.0, 406.5)	(28.0, 544.0)	(29.0, 658.5)	(30.0, 807.5)	(31.0, 943.5)	(32.0, 1039.5)	(33.0, 1158.5)	(34.0, 1281.0)	(35.0, 1385.0)	(36.0, 1538.0)	(37.0, 1676.0)	(38.0, 1776.5)	(39.0, 1952.5)	(40.0, 2038.0)	(41.0, 2093.0)	(42.0, 2216.0)	(43.0, 2278.0)	(44.0, 2345.5)	(45.0, 2379.0)	(46.0, 2335.0)	(47.0, 2253.0)	(48.0, 2172.0)	(49.0, 2104.0)	(50.0, 2075.5)	(51.0, 2171.0)	(52.0, 2248.0)	(53.0, 2333.0)	(54.0, 2320.5)	(55.0, 2207.5)	(56.0, 2244.0)	(57.0, 2614.5)	(58.0, 2884.5)	(59.0, 3111.5)	(60.0, 3864.0)	(61.0, 5263.5)	(62.0, 5198.0)	(63.0, 4224.0)	(64.0, 3301.0)	(65.0, 1775.0)	(66.0, 1183.5)	(67.0, 1092.0)	(68.0, 964.0)	(69.0, 728.0)	(70.0, 461.5)	(71.0, 345.0)	(72.0, 348.0)	(73.0, 290.0)	(74.0, 171.0)	(75.0, 154.5)	(76.0, 135.0)	(77.0, 118.5)	(78.0, 121.5)	(79.0, 91.0)	(80.0, 54.0)	(81.0, 60.5)	(82.0, 63.5)	(83.0, 47.0)	(84.0, 29.0)	(85.0, 21.0)	(86.0, 21.5)	(87.0, 17.0)	(88.0, 6.5)	(89.0, 2.0)	(90.0, 2.5)	(91.0, 2.5)	(92.0, 3.5)	(93.0, 4.0)	(94.0, 2.0)	(95.0, 1.0)	(96.0, 0.5)	(97.0, 0.0)	(98.0, 0.0)	(99.0, 0.0)	(100.0, 0.0)
SRR16013074_2.fastq.gz	(0.0, 40.0)	(1.0, 46.0)	(2.0, 56.5)	(3.0, 62.5)	(4.0, 70.5)	(5.0, 79.5)	(6.0, 84.5)	(7.0, 91.5)	(8.0, 98.0)	(9.0, 97.5)	(10.0, 100.5)	(11.0, 91.0)	(12.0, 81.5)	(13.0, 87.5)	(14.0, 89.0)	(15.0, 92.0)	(16.0, 96.5)	(17.0, 103.5)	(18.0, 100.5)	(19.0, 104.0)	(20.0, 124.0)	(21.0, 128.5)	(22.0, 146.5)	(23.0, 177.5)	(24.0, 219.5)	(25.0, 281.5)	(26.0, 347.0)	(27.0, 442.5)	(28.0, 568.5)	(29.0, 703.0)	(30.0, 811.5)	(31.0, 921.5)	(32.0, 1028.5)	(33.0, 1171.0)	(34.0, 1315.0)	(35.0, 1437.5)	(36.0, 1598.0)	(37.0, 1724.5)	(38.0, 1831.0)	(39.0, 1933.0)	(40.0, 1985.5)	(41.0, 2063.5)	(42.0, 2175.0)	(43.0, 2180.5)	(44.0, 2185.0)	(45.0, 2270.0)	(46.0, 2347.5)	(47.0, 2313.0)	(48.0, 2281.5)	(49.0, 2220.5)	(50.0, 2138.0)	(51.0, 2156.0)	(52.0, 2185.0)	(53.0, 2251.0)	(54.0, 2454.5)	(55.0, 2502.5)	(56.0, 2319.5)	(57.0, 2305.0)	(58.0, 2536.5)	(59.0, 3170.0)	(60.0, 3888.5)	(61.0, 4938.0)	(62.0, 5093.0)	(63.0, 4163.0)	(64.0, 3656.5)	(65.0, 2681.5)	(66.0, 1561.5)	(67.0, 1102.0)	(68.0, 923.0)	(69.0, 787.5)	(70.0, 600.0)	(71.0, 426.0)	(72.0, 386.5)	(73.0, 365.0)	(74.0, 271.5)	(75.0, 215.0)	(76.0, 211.5)	(77.0, 182.0)	(78.0, 159.5)	(79.0, 146.0)	(80.0, 127.0)	(81.0, 121.5)	(82.0, 121.0)	(83.0, 103.5)	(84.0, 93.5)	(85.0, 89.5)	(86.0, 84.5)	(87.0, 91.5)	(88.0, 93.0)	(89.0, 97.0)	(90.0, 108.5)	(91.0, 112.5)	(92.0, 121.5)	(93.0, 129.5)	(94.0, 135.5)	(95.0, 146.5)	(96.0, 163.0)	(97.0, 203.5)	(98.0, 228.5)	(99.0, 271.0)	(100.0, 577.5)
SRR16013074_2.trimmed.fastq.gz	(0.0, 32.0)	(1.0, 37.0)	(2.0, 43.5)	(3.0, 44.0)	(4.0, 50.5)	(5.0, 61.5)	(6.0, 64.5)	(7.0, 62.5)	(8.0, 65.0)	(9.0, 64.5)	(10.0, 61.5)	(11.0, 51.5)	(12.0, 38.5)	(13.0, 38.5)	(14.0, 37.5)	(15.0, 33.5)	(16.0, 33.0)	(17.0, 31.5)	(18.0, 29.0)	(19.0, 32.0)	(20.0, 43.0)	(21.0, 54.0)	(22.0, 69.0)	(23.0, 103.0)	(24.0, 147.0)	(25.0, 208.5)	(26.0, 289.5)	(27.0, 388.0)	(28.0, 525.0)	(29.0, 671.0)	(30.0, 787.0)	(31.0, 909.5)	(32.0, 1025.5)	(33.0, 1151.5)	(34.0, 1291.5)	(35.0, 1444.5)	(36.0, 1575.0)	(37.0, 1663.0)	(38.0, 1775.0)	(39.0, 1896.0)	(40.0, 1968.0)	(41.0, 2061.0)	(42.0, 2126.5)	(43.0, 2100.0)	(44.0, 2150.0)	(45.0, 2215.5)	(46.0, 2228.5)	(47.0, 2178.5)	(48.0, 2157.0)	(49.0, 2100.0)	(50.0, 2029.5)	(51.0, 2044.5)	(52.0, 2083.0)	(53.0, 2162.5)	(54.0, 2357.0)	(55.0, 2400.0)	(56.0, 2234.0)	(57.0, 2236.0)	(58.0, 2473.0)	(59.0, 3094.5)	(60.0, 3817.0)	(61.0, 4916.0)	(62.0, 5099.5)	(63.0, 4155.0)	(64.0, 3642.0)	(65.0, 2660.5)	(66.0, 1536.5)	(67.0, 1085.5)	(68.0, 894.0)	(69.0, 746.0)	(70.0, 553.0)	(71.0, 368.5)	(72.0, 320.5)	(73.0, 294.5)	(74.0, 197.5)	(75.0, 141.0)	(76.0, 146.5)	(77.0, 138.5)	(78.0, 119.5)	(79.0, 88.0)	(80.0, 72.5)	(81.0, 75.0)	(82.0, 66.0)	(83.0, 53.5)	(84.0, 30.5)	(85.0, 17.0)	(86.0, 20.5)	(87.0, 19.0)	(88.0, 10.0)	(89.0, 4.0)	(90.0, 4.5)	(91.0, 6.5)	(92.0, 9.0)	(93.0, 11.5)	(94.0, 11.5)	(95.0, 14.0)	(96.0, 19.0)	(97.0, 19.5)	(98.0, 25.0)	(99.0, 29.5)	(100.0, 33.0)
SRR16013082_1.fastq.gz	(0.0, 8.0)	(1.0, 6.0)	(2.0, 3.5)	(3.0, 3.0)	(4.0, 5.0)	(5.0, 6.5)	(6.0, 4.0)	(7.0, 1.5)	(8.0, 1.0)	(9.0, 3.5)	(10.0, 5.0)	(11.0, 3.5)	(12.0, 2.0)	(13.0, 1.0)	(14.0, 0.5)	(15.0, 2.0)	(16.0, 4.5)	(17.0, 8.0)	(18.0, 11.5)	(19.0, 17.5)	(20.0, 28.0)	(21.0, 40.5)	(22.0, 64.0)	(23.0, 98.0)	(24.0, 161.0)	(25.0, 236.0)	(26.0, 344.5)	(27.0, 500.5)	(28.0, 628.5)	(29.0, 779.5)	(30.0, 956.5)	(31.0, 1092.0)	(32.0, 1252.0)	(33.0, 1372.5)	(34.0, 1526.0)	(35.0, 1680.5)	(36.0, 1810.5)	(37.0, 2031.0)	(38.0, 2193.5)	(39.0, 2340.0)	(40.0, 2467.0)	(41.0, 2562.5)	(42.0, 2729.0)	(43.0, 2791.0)	(44.0, 2784.0)	(45.0, 2883.5)	(46.0, 2975.0)	(47.0, 2910.5)	(48.0, 2794.0)	(49.0, 2691.0)	(50.0, 2626.5)	(51.0, 2760.0)	(52.0, 2827.5)	(53.0, 2690.5)	(54.0, 2503.5)	(55.0, 2390.5)	(56.0, 2383.5)	(57.0, 2523.5)	(58.0, 2663.5)	(59.0, 2872.0)	(60.0, 3403.0)	(61.0, 4453.0)	(62.0, 4336.0)	(63.0, 3661.5)	(64.0, 3046.0)	(65.0, 1773.5)	(66.0, 1219.0)	(67.0, 1073.0)	(68.0, 952.0)	(69.0, 748.0)	(70.0, 519.5)	(71.0, 413.0)	(72.0, 362.0)	(73.0, 251.0)	(74.0, 145.0)	(75.0, 129.5)	(76.0, 108.0)	(77.0, 90.5)	(78.0, 75.5)	(79.0, 50.5)	(80.0, 24.5)	(81.0, 23.5)	(82.0, 30.0)	(83.0, 17.5)	(84.0, 9.5)	(85.0, 9.0)	(86.0, 8.5)	(87.0, 8.0)	(88.0, 2.0)	(89.0, 0.0)	(90.0, 0.5)	(91.0, 0.5)	(92.0, 0.0)	(93.0, 0.0)	(94.0, 0.0)	(95.0, 0.0)	(96.0, 0.0)	(97.0, 0.0)	(98.0, 0.0)	(99.0, 0.0)	(100.0, 0.0)
SRR16013082_1.trimmed.fastq.gz	(0.0, 8.0)	(1.0, 6.0)	(2.0, 3.5)	(3.0, 3.5)	(4.0, 5.5)	(5.0, 7.0)	(6.0, 4.0)	(7.0, 1.0)	(8.0, 1.5)	(9.0, 3.5)	(10.0, 4.0)	(11.0, 2.0)	(12.0, 0.5)	(13.0, 0.0)	(14.0, 0.0)	(15.0, 0.0)	(16.0, 0.5)	(17.0, 5.0)	(18.0, 9.0)	(19.0, 15.0)	(20.0, 27.0)	(21.0, 39.5)	(22.0, 63.0)	(23.0, 99.0)	(24.0, 160.0)	(25.0, 232.5)	(26.0, 341.5)	(27.0, 493.0)	(28.0, 626.5)	(29.0, 787.5)	(30.0, 955.0)	(31.0, 1090.5)	(32.0, 1271.0)	(33.0, 1395.0)	(34.0, 1529.5)	(35.0, 1656.5)	(36.0, 1772.5)	(37.0, 1989.5)	(38.0, 2129.0)	(39.0, 2255.5)	(40.0, 2367.0)	(41.0, 2450.0)	(42.0, 2617.5)	(43.0, 2675.0)	(44.0, 2655.0)	(45.0, 2709.5)	(46.0, 2743.0)	(47.0, 2708.5)	(48.0, 2620.0)	(49.0, 2517.5)	(50.0, 2455.5)	(51.0, 2563.0)	(52.0, 2615.5)	(53.0, 2489.5)	(54.0, 2315.5)	(55.0, 2210.5)	(56.0, 2211.0)	(57.0, 2324.0)	(58.0, 2442.5)	(59.0, 2640.5)	(60.0, 3164.0)	(61.0, 4146.5)	(62.0, 4050.5)	(63.0, 3433.5)	(64.0, 2842.5)	(65.0, 1657.5)	(66.0, 1144.5)	(67.0, 1027.0)	(68.0, 900.5)	(69.0, 683.0)	(70.0, 478.0)	(71.0, 388.5)	(72.0, 348.5)	(73.0, 242.5)	(74.0, 140.5)	(75.0, 123.5)	(76.0, 105.5)	(77.0, 109.0)	(78.0, 104.0)	(79.0, 64.5)	(80.0, 31.0)	(81.0, 35.0)	(82.0, 45.0)	(83.0, 34.0)	(84.0, 16.5)	(85.0, 9.5)	(86.0, 8.5)	(87.0, 8.0)	(88.0, 2.5)	(89.0, 1.5)	(90.0, 3.0)	(91.0, 3.0)	(92.0, 1.0)	(93.0, 0.0)	(94.0, 0.0)	(95.0, 0.0)	(96.0, 0.0)	(97.0, 0.0)	(98.0, 0.0)	(99.0, 0.0)	(100.0, 0.0)
SRR16013082_2.fastq.gz	(0.0, 21.0)	(1.0, 20.5)	(2.0, 27.0)	(3.0, 40.0)	(4.0, 42.0)	(5.0, 48.5)	(6.0, 61.0)	(7.0, 56.5)	(8.0, 58.0)	(9.0, 61.0)	(10.0, 62.5)	(11.0, 71.0)	(12.0, 85.0)	(13.0, 95.5)	(14.0, 86.0)	(15.0, 87.0)	(16.0, 101.0)	(17.0, 112.0)	(18.0, 123.0)	(19.0, 126.0)	(20.0, 132.5)	(21.0, 154.0)	(22.0, 178.5)	(23.0, 221.5)	(24.0, 285.0)	(25.0, 352.5)	(26.0, 462.0)	(27.0, 646.5)	(28.0, 784.0)	(29.0, 881.0)	(30.0, 1016.0)	(31.0, 1174.0)	(32.0, 1289.0)	(33.0, 1422.0)	(34.0, 1604.5)	(35.0, 1727.5)	(36.0, 1910.5)	(37.0, 2089.5)	(38.0, 2165.5)	(39.0, 2256.5)	(40.0, 2433.5)	(41.0, 2521.5)	(42.0, 2526.5)	(43.0, 2541.0)	(44.0, 2614.0)	(45.0, 2724.5)	(46.0, 2748.5)	(47.0, 2730.0)	(48.0, 2667.5)	(49.0, 2503.0)	(50.0, 2417.5)	(51.0, 2431.0)	(52.0, 2406.0)	(53.0, 2480.5)	(54.0, 2539.5)	(55.0, 2426.0)	(56.0, 2283.0)	(57.0, 2196.0)	(58.0, 2268.5)	(59.0, 2681.5)	(60.0, 3137.0)	(61.0, 3827.5)	(62.0, 4028.0)	(63.0, 3538.0)	(64.0, 3222.5)	(65.0, 2378.0)	(66.0, 1480.0)	(67.0, 1108.5)	(68.0, 892.5)	(69.0, 757.0)	(70.0, 583.5)	(71.0, 448.0)	(72.0, 372.5)	(73.0, 284.5)	(74.0, 200.5)	(75.0, 170.0)	(76.0, 159.5)	(77.0, 135.5)	(78.0, 97.0)	(79.0, 70.5)	(80.0, 67.0)	(81.0, 62.0)	(82.0, 50.5)	(83.0, 36.0)	(84.0, 31.0)	(85.0, 32.5)	(86.0, 32.5)	(87.0, 33.0)	(88.0, 28.0)	(89.0, 20.0)	(90.0, 22.0)	(91.0, 22.5)	(92.0, 16.5)	(93.0, 14.0)	(94.0, 16.0)	(95.0, 15.5)	(96.0, 15.0)	(97.0, 16.5)	(98.0, 22.5)	(99.0, 33.5)	(100.0, 138.0)
SRR16013082_2.trimmed.fastq.gz	(0.0, 19.0)	(1.0, 18.5)	(2.0, 23.5)	(3.0, 36.0)	(4.0, 38.0)	(5.0, 37.5)	(6.0, 47.0)	(7.0, 47.5)	(8.0, 46.5)	(9.0, 46.0)	(10.0, 45.5)	(11.0, 51.0)	(12.0, 60.5)	(13.0, 61.0)	(14.0, 47.5)	(15.0, 45.5)	(16.0, 54.5)	(17.0, 57.5)	(18.0, 65.0)	(19.0, 70.5)	(20.0, 67.5)	(21.0, 79.5)	(22.0, 105.0)	(23.0, 153.5)	(24.0, 215.5)	(25.0, 269.5)	(26.0, 362.5)	(27.0, 536.5)	(28.0, 681.5)	(29.0, 794.0)	(30.0, 932.0)	(31.0, 1096.0)	(32.0, 1241.5)	(33.0, 1381.5)	(34.0, 1548.0)	(35.0, 1660.5)	(36.0, 1831.0)	(37.0, 1996.0)	(38.0, 2060.0)	(39.0, 2170.0)	(40.0, 2341.0)	(41.0, 2426.5)	(42.0, 2434.0)	(43.0, 2436.5)	(44.0, 2519.0)	(45.0, 2603.0)	(46.0, 2604.0)	(47.0, 2586.0)	(48.0, 2532.5)	(49.0, 2400.0)	(50.0, 2307.0)	(51.0, 2301.5)	(52.0, 2307.0)	(53.0, 2384.0)	(54.0, 2437.5)	(55.0, 2338.0)	(56.0, 2186.0)	(57.0, 2115.0)	(58.0, 2177.5)	(59.0, 2576.0)	(60.0, 3066.0)	(61.0, 3781.0)	(62.0, 3997.5)	(63.0, 3519.5)	(64.0, 3194.5)	(65.0, 2338.0)	(66.0, 1436.0)	(67.0, 1081.0)	(68.0, 870.0)	(69.0, 713.5)	(70.0, 541.0)	(71.0, 407.5)	(72.0, 335.5)	(73.0, 248.0)	(74.0, 169.5)	(75.0, 135.5)	(76.0, 127.5)	(77.0, 123.5)	(78.0, 103.5)	(79.0, 64.5)	(80.0, 40.5)	(81.0, 43.5)	(82.0, 41.0)	(83.0, 30.0)	(84.0, 13.0)	(85.0, 10.0)	(86.0, 11.5)	(87.0, 6.0)	(88.0, 2.5)	(89.0, 2.0)	(90.0, 3.5)	(91.0, 3.5)	(92.0, 1.0)	(93.0, 0.5)	(94.0, 0.5)	(95.0, 0.0)	(96.0, 0.5)	(97.0, 1.0)	(98.0, 3.5)	(99.0, 6.0)	(100.0, 31.5)
SRR16013083_1.fastq.gz	(0.0, 13.0)	(1.0, 7.5)	(2.0, 1.5)	(3.0, 0.5)	(4.0, 4.0)	(5.0, 6.0)	(6.0, 5.0)	(7.0, 5.5)	(8.0, 4.0)	(9.0, 3.5)	(10.0, 4.0)	(11.0, 2.0)	(12.0, 2.5)	(13.0, 3.0)	(14.0, 3.0)	(15.0, 4.0)	(16.0, 5.0)	(17.0, 9.0)	(18.0, 12.5)	(19.0, 16.5)	(20.0, 23.5)	(21.0, 43.0)	(22.0, 71.0)	(23.0, 115.0)	(24.0, 162.5)	(25.0, 217.5)	(26.0, 335.0)	(27.0, 462.5)	(28.0, 604.5)	(29.0, 747.0)	(30.0, 882.0)	(31.0, 1041.0)	(32.0, 1214.0)	(33.0, 1386.5)	(34.0, 1509.5)	(35.0, 1687.5)	(36.0, 1842.0)	(37.0, 1987.5)	(38.0, 2116.0)	(39.0, 2233.0)	(40.0, 2356.5)	(41.0, 2443.5)	(42.0, 2617.5)	(43.0, 2710.5)	(44.0, 2792.0)	(45.0, 2834.0)	(46.0, 2771.5)	(47.0, 2739.5)	(48.0, 2656.0)	(49.0, 2608.0)	(50.0, 2646.0)	(51.0, 2739.0)	(52.0, 2766.5)	(53.0, 2733.0)	(54.0, 2573.5)	(55.0, 2408.5)	(56.0, 2381.5)	(57.0, 2563.0)	(58.0, 2767.5)	(59.0, 2991.5)	(60.0, 3568.5)	(61.0, 4694.5)	(62.0, 4580.0)	(63.0, 3752.5)	(64.0, 3010.5)	(65.0, 1814.0)	(66.0, 1331.0)	(67.0, 1142.5)	(68.0, 997.5)	(69.0, 754.5)	(70.0, 526.5)	(71.0, 425.0)	(72.0, 383.0)	(73.0, 292.5)	(74.0, 169.0)	(75.0, 142.0)	(76.0, 126.0)	(77.0, 109.0)	(78.0, 78.0)	(79.0, 48.5)	(80.0, 35.0)	(81.0, 39.0)	(82.0, 35.5)	(83.0, 19.0)	(84.0, 9.5)	(85.0, 13.5)	(86.0, 11.5)	(87.0, 3.5)	(88.0, 1.0)	(89.0, 1.0)	(90.0, 0.5)	(91.0, 0.0)	(92.0, 0.0)	(93.0, 0.0)	(94.0, 0.0)	(95.0, 0.0)	(96.0, 0.0)	(97.0, 0.0)	(98.0, 0.0)	(99.0, 0.5)	(100.0, 0.5)
SRR16013083_1.trimmed.fastq.gz	(0.0, 12.0)	(1.0, 7.0)	(2.0, 1.5)	(3.0, 0.5)	(4.0, 3.5)	(5.0, 5.0)	(6.0, 4.5)	(7.0, 4.5)	(8.0, 3.0)	(9.0, 3.0)	(10.0, 3.0)	(11.0, 1.5)	(12.0, 1.0)	(13.0, 1.5)	(14.0, 2.5)	(15.0, 3.5)	(16.0, 3.5)	(17.0, 6.5)	(18.0, 9.5)	(19.0, 12.5)	(20.0, 20.5)	(21.0, 40.5)	(22.0, 65.5)	(23.0, 108.0)	(24.0, 157.0)	(25.0, 210.5)	(26.0, 323.0)	(27.0, 452.5)	(28.0, 599.5)	(29.0, 741.5)	(30.0, 865.5)	(31.0, 1037.0)	(32.0, 1223.0)	(33.0, 1361.5)	(34.0, 1483.0)	(35.0, 1639.0)	(36.0, 1767.5)	(37.0, 1910.0)	(38.0, 2040.5)	(39.0, 2153.5)	(40.0, 2257.0)	(41.0, 2345.0)	(42.0, 2484.5)	(43.0, 2549.0)	(44.0, 2597.5)	(45.0, 2634.0)	(46.0, 2560.5)	(47.0, 2501.0)	(48.0, 2435.0)	(49.0, 2401.0)	(50.0, 2447.5)	(51.0, 2536.5)	(52.0, 2552.0)	(53.0, 2517.0)	(54.0, 2389.0)	(55.0, 2215.0)	(56.0, 2156.0)	(57.0, 2325.5)	(58.0, 2518.0)	(59.0, 2743.0)	(60.0, 3291.5)	(61.0, 4325.5)	(62.0, 4236.5)	(63.0, 3497.0)	(64.0, 2796.5)	(65.0, 1677.0)	(66.0, 1241.5)	(67.0, 1072.0)	(68.0, 929.0)	(69.0, 700.5)	(70.0, 487.0)	(71.0, 400.0)	(72.0, 361.0)	(73.0, 265.5)	(74.0, 152.5)	(75.0, 134.0)	(76.0, 127.5)	(77.0, 120.0)	(78.0, 99.5)	(79.0, 75.5)	(80.0, 51.0)	(81.0, 51.5)	(82.0, 53.0)	(83.0, 30.5)	(84.0, 18.0)	(85.0, 20.0)	(86.0, 15.5)	(87.0, 6.0)	(88.0, 3.0)	(89.0, 1.5)	(90.0, 0.5)	(91.0, 1.5)	(92.0, 3.0)	(93.0, 4.0)	(94.0, 4.5)	(95.0, 4.5)	(96.0, 2.5)	(97.0, 0.5)	(98.0, 0.0)	(99.0, 0.0)	(100.0, 0.0)
SRR16013083_2.fastq.gz	(0.0, 26.0)	(1.0, 32.5)	(2.0, 35.5)	(3.0, 51.5)	(4.0, 64.0)	(5.0, 66.5)	(6.0, 68.5)	(7.0, 69.0)	(8.0, 79.5)	(9.0, 85.5)	(10.0, 85.5)	(11.0, 77.5)	(12.0, 80.0)	(13.0, 86.5)	(14.0, 83.5)	(15.0, 81.5)	(16.0, 87.5)	(17.0, 85.0)	(18.0, 77.0)	(19.0, 88.0)	(20.0, 97.0)	(21.0, 115.5)	(22.0, 149.0)	(23.0, 178.0)	(24.0, 225.5)	(25.0, 310.5)	(26.0, 395.0)	(27.0, 498.5)	(28.0, 639.0)	(29.0, 759.5)	(30.0, 897.0)	(31.0, 1060.0)	(32.0, 1196.0)	(33.0, 1355.0)	(34.0, 1490.0)	(35.0, 1609.5)	(36.0, 1796.0)	(37.0, 1914.5)	(38.0, 2033.0)	(39.0, 2180.0)	(40.0, 2260.5)	(41.0, 2318.0)	(42.0, 2408.5)	(43.0, 2459.0)	(44.0, 2469.5)	(45.0, 2515.5)	(46.0, 2608.0)	(47.0, 2589.0)	(48.0, 2494.5)	(49.0, 2436.0)	(50.0, 2429.0)	(51.0, 2451.0)	(52.0, 2394.0)	(53.0, 2410.0)	(54.0, 2462.5)	(55.0, 2448.0)	(56.0, 2337.5)	(57.0, 2228.0)	(58.0, 2309.5)	(59.0, 2696.0)	(60.0, 3198.0)	(61.0, 3966.5)	(62.0, 4157.0)	(63.0, 3594.5)	(64.0, 3251.0)	(65.0, 2495.5)	(66.0, 1531.5)	(67.0, 1084.5)	(68.0, 925.0)	(69.0, 777.0)	(70.0, 586.0)	(71.0, 431.5)	(72.0, 376.0)	(73.0, 329.5)	(74.0, 254.5)	(75.0, 205.5)	(76.0, 182.0)	(77.0, 175.5)	(78.0, 158.0)	(79.0, 119.5)	(80.0, 94.5)	(81.0, 92.5)	(82.0, 93.5)	(83.0, 82.5)	(84.0, 84.5)	(85.0, 85.5)	(86.0, 76.5)	(87.0, 76.0)	(88.0, 72.5)	(89.0, 72.0)	(90.0, 77.0)	(91.0, 81.0)	(92.0, 85.0)	(93.0, 88.0)	(94.0, 101.5)	(95.0, 123.0)	(96.0, 139.0)	(97.0, 159.5)	(98.0, 194.0)	(99.0, 252.5)	(100.0, 598.0)
SRR16013083_2.trimmed.fastq.gz	(0.0, 19.0)	(1.0, 25.0)	(2.0, 25.5)	(3.0, 39.5)	(4.0, 52.0)	(5.0, 51.5)	(6.0, 52.5)	(7.0, 47.5)	(8.0, 47.5)	(9.0, 49.5)	(10.0, 46.5)	(11.0, 38.0)	(12.0, 35.5)	(13.0, 38.5)	(14.0, 33.5)	(15.0, 26.5)	(16.0, 25.5)	(17.0, 26.5)	(18.0, 29.0)	(19.0, 28.5)	(20.0, 34.0)	(21.0, 51.5)	(22.0, 75.5)	(23.0, 106.5)	(24.0, 153.5)	(25.0, 242.5)	(26.0, 339.0)	(27.0, 455.0)	(28.0, 612.5)	(29.0, 737.0)	(30.0, 870.0)	(31.0, 1049.5)	(32.0, 1210.5)	(33.0, 1358.0)	(34.0, 1483.0)	(35.0, 1589.0)	(36.0, 1774.0)	(37.0, 1905.0)	(38.0, 2017.0)	(39.0, 2151.0)	(40.0, 2237.5)	(41.0, 2317.5)	(42.0, 2389.0)	(43.0, 2412.0)	(44.0, 2399.0)	(45.0, 2438.5)	(46.0, 2519.0)	(47.0, 2480.5)	(48.0, 2404.5)	(49.0, 2350.5)	(50.0, 2342.5)	(51.0, 2378.5)	(52.0, 2329.0)	(53.0, 2337.0)	(54.0, 2390.0)	(55.0, 2365.5)	(56.0, 2229.0)	(57.0, 2138.5)	(58.0, 2229.5)	(59.0, 2607.0)	(60.0, 3133.5)	(61.0, 3945.5)	(62.0, 4154.5)	(63.0, 3596.0)	(64.0, 3242.5)	(65.0, 2466.5)	(66.0, 1496.5)	(67.0, 1053.5)	(68.0, 894.5)	(69.0, 731.5)	(70.0, 532.0)	(71.0, 386.5)	(72.0, 322.5)	(73.0, 266.5)	(74.0, 198.5)	(75.0, 153.5)	(76.0, 135.0)	(77.0, 132.5)	(78.0, 115.0)	(79.0, 80.5)	(80.0, 62.5)	(81.0, 55.0)	(82.0, 53.0)	(83.0, 34.5)	(84.0, 18.5)	(85.0, 17.5)	(86.0, 14.5)	(87.0, 10.5)	(88.0, 4.5)	(89.0, 1.5)	(90.0, 1.5)	(91.0, 5.5)	(92.0, 11.0)	(93.0, 15.0)	(94.0, 19.5)	(95.0, 21.0)	(96.0, 24.0)	(97.0, 25.5)	(98.0, 23.0)	(99.0, 27.0)	(100.0, 36.5)
SRR16013084_1.fastq.gz	(0.0, 10.0)	(1.0, 5.5)	(2.0, 3.0)	(3.0, 3.0)	(4.0, 4.0)	(5.0, 5.0)	(6.0, 4.0)	(7.0, 5.0)	(8.0, 5.5)	(9.0, 4.0)	(10.0, 2.5)	(11.0, 2.5)	(12.0, 2.0)	(13.0, 3.5)	(14.0, 4.0)	(15.0, 3.5)	(16.0, 5.0)	(17.0, 6.5)	(18.0, 7.5)	(19.0, 10.5)	(20.0, 20.0)	(21.0, 45.0)	(22.0, 69.5)	(23.0, 99.0)	(24.0, 166.5)	(25.0, 243.0)	(26.0, 332.5)	(27.0, 462.5)	(28.0, 611.5)	(29.0, 742.5)	(30.0, 868.0)	(31.0, 1023.0)	(32.0, 1201.5)	(33.0, 1376.0)	(34.0, 1496.5)	(35.0, 1649.5)	(36.0, 1823.5)	(37.0, 1947.0)	(38.0, 2047.0)	(39.0, 2164.5)	(40.0, 2339.5)	(41.0, 2436.5)	(42.0, 2574.5)	(43.0, 2733.5)	(44.0, 2807.0)	(45.0, 2857.5)	(46.0, 2789.0)	(47.0, 2738.0)	(48.0, 2727.0)	(49.0, 2627.0)	(50.0, 2595.5)	(51.0, 2688.5)	(52.0, 2744.0)	(53.0, 2639.5)	(54.0, 2470.0)	(55.0, 2403.0)	(56.0, 2345.0)	(57.0, 2486.5)	(58.0, 2732.0)	(59.0, 3022.0)	(60.0, 3599.5)	(61.0, 4822.0)	(62.0, 4728.0)	(63.0, 3874.0)	(64.0, 3168.5)	(65.0, 1844.5)	(66.0, 1262.5)	(67.0, 1131.0)	(68.0, 1031.5)	(69.0, 788.5)	(70.0, 534.5)	(71.0, 425.0)	(72.0, 407.0)	(73.0, 305.5)	(74.0, 182.5)	(75.0, 142.0)	(76.0, 105.0)	(77.0, 98.5)	(78.0, 84.5)	(79.0, 60.5)	(80.0, 35.5)	(81.0, 33.0)	(82.0, 29.5)	(83.0, 20.5)	(84.0, 14.0)	(85.0, 10.5)	(86.0, 11.5)	(87.0, 10.0)	(88.0, 2.5)	(89.0, 1.0)	(90.0, 0.5)	(91.0, 0.0)	(92.0, 0.5)	(93.0, 0.5)	(94.0, 0.0)	(95.0, 0.0)	(96.0, 0.0)	(97.0, 0.0)	(98.0, 0.0)	(99.0, 0.0)	(100.0, 0.0)
SRR16013084_1.trimmed.fastq.gz	(0.0, 10.0)	(1.0, 5.5)	(2.0, 2.5)	(3.0, 2.5)	(4.0, 4.0)	(5.0, 5.0)	(6.0, 4.0)	(7.0, 4.5)	(8.0, 4.0)	(9.0, 2.0)	(10.0, 1.5)	(11.0, 2.5)	(12.0, 2.0)	(13.0, 2.5)	(14.0, 2.5)	(15.0, 3.0)	(16.0, 5.0)	(17.0, 6.0)	(18.0, 6.5)	(19.0, 9.0)	(20.0, 17.5)	(21.0, 40.5)	(22.0, 63.0)	(23.0, 95.0)	(24.0, 160.0)	(25.0, 235.0)	(26.0, 327.5)	(27.0, 463.0)	(28.0, 606.5)	(29.0, 735.0)	(30.0, 857.0)	(31.0, 1012.0)	(32.0, 1205.0)	(33.0, 1382.0)	(34.0, 1490.0)	(35.0, 1618.0)	(36.0, 1763.0)	(37.0, 1839.0)	(38.0, 1927.5)	(39.0, 2075.5)	(40.0, 2235.0)	(41.0, 2331.0)	(42.0, 2459.0)	(43.0, 2593.5)	(44.0, 2647.5)	(45.0, 2645.0)	(46.0, 2573.0)	(47.0, 2523.0)	(48.0, 2498.5)	(49.0, 2403.5)	(50.0, 2384.5)	(51.0, 2488.5)	(52.0, 2555.0)	(53.0, 2462.5)	(54.0, 2281.0)	(55.0, 2196.5)	(56.0, 2153.0)	(57.0, 2291.5)	(58.0, 2503.0)	(59.0, 2777.5)	(60.0, 3298.5)	(61.0, 4424.5)	(62.0, 4325.5)	(63.0, 3542.5)	(64.0, 2921.0)	(65.0, 1698.0)	(66.0, 1176.0)	(67.0, 1053.5)	(68.0, 973.0)	(69.0, 754.5)	(70.0, 517.0)	(71.0, 414.5)	(72.0, 382.5)	(73.0, 284.5)	(74.0, 161.5)	(75.0, 121.0)	(76.0, 93.0)	(77.0, 100.0)	(78.0, 104.5)	(79.0, 71.5)	(80.0, 40.5)	(81.0, 41.0)	(82.0, 38.5)	(83.0, 33.0)	(84.0, 24.5)	(85.0, 17.5)	(86.0, 16.5)	(87.0, 13.5)	(88.0, 5.0)	(89.0, 2.5)	(90.0, 1.0)	(91.0, 0.0)	(92.0, 0.0)	(93.0, 0.0)	(94.0, 0.0)	(95.0, 0.0)	(96.0, 0.0)	(97.0, 0.0)	(98.0, 0.0)	(99.0, 0.0)	(100.0, 0.0)
SRR16013084_2.fastq.gz	(0.0, 37.0)	(1.0, 37.0)	(2.0, 44.5)	(3.0, 55.5)	(4.0, 63.0)	(5.0, 67.0)	(6.0, 68.5)	(7.0, 77.5)	(8.0, 81.0)	(9.0, 81.5)	(10.0, 81.0)	(11.0, 77.5)	(12.0, 80.0)	(13.0, 89.0)	(14.0, 90.0)	(15.0, 76.0)	(16.0, 69.5)	(17.0, 77.5)	(18.0, 85.5)	(19.0, 94.0)	(20.0, 106.5)	(21.0, 115.5)	(22.0, 132.5)	(23.0, 158.0)	(24.0, 232.0)	(25.0, 321.5)	(26.0, 423.5)	(27.0, 527.0)	(28.0, 612.5)	(29.0, 707.0)	(30.0, 867.0)	(31.0, 1074.0)	(32.0, 1231.0)	(33.0, 1343.5)	(34.0, 1454.5)	(35.0, 1598.0)	(36.0, 1739.5)	(37.0, 1861.0)	(38.0, 1990.0)	(39.0, 2121.5)	(40.0, 2232.5)	(41.0, 2336.0)	(42.0, 2407.0)	(43.0, 2471.0)	(44.0, 2556.5)	(45.0, 2638.5)	(46.0, 2610.0)	(47.0, 2570.0)	(48.0, 2537.5)	(49.0, 2421.0)	(50.0, 2331.5)	(51.0, 2304.0)	(52.0, 2345.0)	(53.0, 2388.5)	(54.0, 2435.0)	(55.0, 2426.5)	(56.0, 2310.0)	(57.0, 2213.5)	(58.0, 2271.0)	(59.0, 2739.0)	(60.0, 3264.0)	(61.0, 4045.5)	(62.0, 4246.0)	(63.0, 3613.5)	(64.0, 3323.0)	(65.0, 2547.5)	(66.0, 1570.0)	(67.0, 1165.5)	(68.0, 946.5)	(69.0, 769.0)	(70.0, 602.5)	(71.0, 459.0)	(72.0, 406.0)	(73.0, 335.0)	(74.0, 250.0)	(75.0, 220.0)	(76.0, 215.0)	(77.0, 194.0)	(78.0, 149.0)	(79.0, 108.5)	(80.0, 102.0)	(81.0, 111.5)	(82.0, 107.0)	(83.0, 96.0)	(84.0, 92.0)	(85.0, 94.5)	(86.0, 88.5)	(87.0, 85.5)	(88.0, 83.0)	(89.0, 75.0)	(90.0, 83.0)	(91.0, 83.5)	(92.0, 84.5)	(93.0, 101.0)	(94.0, 112.0)	(95.0, 120.5)	(96.0, 135.0)	(97.0, 152.5)	(98.0, 169.0)	(99.0, 212.5)	(100.0, 465.5)
SRR16013084_2.trimmed.fastq.gz	(0.0, 27.0)	(1.0, 29.0)	(2.0, 33.0)	(3.0, 42.0)	(4.0, 51.5)	(5.0, 52.5)	(6.0, 52.5)	(7.0, 58.0)	(8.0, 59.5)	(9.0, 57.0)	(10.0, 46.0)	(11.0, 43.0)	(12.0, 49.0)	(13.0, 47.5)	(14.0, 40.5)	(15.0, 36.0)	(16.0, 33.5)	(17.0, 30.0)	(18.0, 31.5)	(19.0, 38.5)	(20.0, 49.0)	(21.0, 54.5)	(22.0, 73.0)	(23.0, 106.0)	(24.0, 173.0)	(25.0, 259.0)	(26.0, 373.0)	(27.0, 482.5)	(28.0, 572.0)	(29.0, 685.0)	(30.0, 841.5)	(31.0, 1033.5)	(32.0, 1201.0)	(33.0, 1329.0)	(34.0, 1458.0)	(35.0, 1607.0)	(36.0, 1727.0)	(37.0, 1821.0)	(38.0, 1951.5)	(39.0, 2100.0)	(40.0, 2209.0)	(41.0, 2303.5)	(42.0, 2365.0)	(43.0, 2432.0)	(44.0, 2515.0)	(45.0, 2551.0)	(46.0, 2506.0)	(47.0, 2467.0)	(48.0, 2424.0)	(49.0, 2313.0)	(50.0, 2229.5)	(51.0, 2229.0)	(52.0, 2272.0)	(53.0, 2302.0)	(54.0, 2365.0)	(55.0, 2334.0)	(56.0, 2203.5)	(57.0, 2133.0)	(58.0, 2197.0)	(59.0, 2654.0)	(60.0, 3180.0)	(61.0, 4005.0)	(62.0, 4232.5)	(63.0, 3596.5)	(64.0, 3309.0)	(65.0, 2517.5)	(66.0, 1517.0)	(67.0, 1114.5)	(68.0, 907.5)	(69.0, 746.0)	(70.0, 571.5)	(71.0, 410.0)	(72.0, 359.5)	(73.0, 287.5)	(74.0, 190.5)	(75.0, 151.0)	(76.0, 143.5)	(77.0, 128.0)	(78.0, 101.0)	(79.0, 61.5)	(80.0, 45.0)	(81.0, 43.5)	(82.0, 43.5)	(83.0, 42.5)	(84.0, 32.5)	(85.0, 23.5)	(86.0, 16.5)	(87.0, 10.5)	(88.0, 4.5)	(89.0, 2.5)	(90.0, 0.0)	(91.0, 0.0)	(92.0, 0.0)	(93.0, 0.0)	(94.0, 0.5)	(95.0, 1.5)	(96.0, 3.5)	(97.0, 7.5)	(98.0, 10.0)	(99.0, 12.5)	(100.0, 35.0)
SRR16013090_1.fastq.gz	(0.0, 24.0)	(1.0, 17.0)	(2.0, 12.0)	(3.0, 14.0)	(4.0, 11.5)	(5.0, 9.5)	(6.0, 10.0)	(7.0, 7.0)	(8.0, 4.5)	(9.0, 3.0)	(10.0, 2.5)	(11.0, 3.5)	(12.0, 4.0)	(13.0, 4.5)	(14.0, 3.5)	(15.0, 3.5)	(16.0, 8.5)	(17.0, 13.5)	(18.0, 16.5)	(19.0, 22.0)	(20.0, 32.0)	(21.0, 50.0)	(22.0, 67.5)	(23.0, 97.0)	(24.0, 153.0)	(25.0, 220.0)	(26.0, 300.5)	(27.0, 398.5)	(28.0, 495.5)	(29.0, 621.5)	(30.0, 750.0)	(31.0, 823.5)	(32.0, 950.5)	(33.0, 1080.0)	(34.0, 1192.0)	(35.0, 1317.0)	(36.0, 1430.5)	(37.0, 1564.5)	(38.0, 1684.5)	(39.0, 1807.0)	(40.0, 1974.0)	(41.0, 2119.5)	(42.0, 2185.5)	(43.0, 2244.0)	(44.0, 2270.5)	(45.0, 2372.0)	(46.0, 2525.5)	(47.0, 2525.5)	(48.0, 2505.5)	(49.0, 2481.5)	(50.0, 2422.5)	(51.0, 2472.5)	(52.0, 2556.0)	(53.0, 2621.5)	(54.0, 2513.5)	(55.0, 2398.5)	(56.0, 2530.0)	(57.0, 2951.0)	(58.0, 3325.0)	(59.0, 3749.0)	(60.0, 4769.5)	(61.0, 6405.0)	(62.0, 6170.5)	(63.0, 4935.5)	(64.0, 3690.0)	(65.0, 1806.5)	(66.0, 1153.0)	(67.0, 1077.0)	(68.0, 896.0)	(69.0, 630.0)	(70.0, 440.5)	(71.0, 397.0)	(72.0, 396.5)	(73.0, 274.0)	(74.0, 141.0)	(75.0, 132.0)	(76.0, 120.5)	(77.0, 105.0)	(78.0, 95.5)	(79.0, 76.5)	(80.0, 59.5)	(81.0, 62.5)	(82.0, 71.0)	(83.0, 54.5)	(84.0, 26.0)	(85.0, 16.5)	(86.0, 17.5)	(87.0, 15.5)	(88.0, 3.5)	(89.0, 0.5)	(90.0, 0.0)	(91.0, 0.5)	(92.0, 0.5)	(93.0, 0.0)	(94.0, 0.0)	(95.0, 0.0)	(96.0, 0.0)	(97.0, 0.0)	(98.0, 0.0)	(99.0, 0.0)	(100.0, 0.0)
SRR16013090_1.trimmed.fastq.gz	(0.0, 24.0)	(1.0, 16.5)	(2.0, 11.0)	(3.0, 14.0)	(4.0, 13.0)	(5.0, 9.5)	(6.0, 8.0)	(7.0, 6.0)	(8.0, 4.0)	(9.0, 2.0)	(10.0, 1.5)	(11.0, 2.5)	(12.0, 2.0)	(13.0, 3.5)	(14.0, 4.0)	(15.0, 3.0)	(16.0, 5.0)	(17.0, 8.0)	(18.0, 15.0)	(19.0, 20.5)	(20.0, 29.0)	(21.0, 46.0)	(22.0, 62.5)	(23.0, 93.0)	(24.0, 138.0)	(25.0, 208.0)	(26.0, 295.5)	(27.0, 391.0)	(28.0, 497.5)	(29.0, 619.5)	(30.0, 740.5)	(31.0, 831.5)	(32.0, 954.5)	(33.0, 1055.0)	(34.0, 1135.5)	(35.0, 1235.0)	(36.0, 1330.5)	(37.0, 1447.5)	(38.0, 1543.0)	(39.0, 1672.0)	(40.0, 1827.5)	(41.0, 1912.0)	(42.0, 1969.5)	(43.0, 2024.0)	(44.0, 2037.5)	(45.0, 2130.5)	(46.0, 2223.0)	(47.0, 2173.0)	(48.0, 2148.0)	(49.0, 2168.5)	(50.0, 2118.0)	(51.0, 2150.5)	(52.0, 2238.0)	(53.0, 2280.0)	(54.0, 2178.5)	(55.0, 2080.0)	(56.0, 2173.5)	(57.0, 2515.5)	(58.0, 2852.0)	(59.0, 3261.5)	(60.0, 4143.0)	(61.0, 5506.5)	(62.0, 5301.5)	(63.0, 4244.0)	(64.0, 3172.0)	(65.0, 1553.5)	(66.0, 1010.0)	(67.0, 942.0)	(68.0, 776.5)	(69.0, 574.5)	(70.0, 397.5)	(71.0, 348.5)	(72.0, 345.5)	(73.0, 220.0)	(74.0, 112.0)	(75.0, 106.0)	(76.0, 91.0)	(77.0, 93.5)	(78.0, 98.0)	(79.0, 71.5)	(80.0, 55.0)	(81.0, 62.0)	(82.0, 87.5)	(83.0, 85.5)	(84.0, 51.5)	(85.0, 35.5)	(86.0, 27.0)	(87.0, 19.0)	(88.0, 10.0)	(89.0, 4.5)	(90.0, 0.5)	(91.0, 0.0)	(92.0, 0.0)	(93.0, 0.0)	(94.0, 0.0)	(95.0, 0.0)	(96.0, 0.0)	(97.0, 0.0)	(98.0, 0.0)	(99.0, 0.0)	(100.0, 0.0)
SRR16013090_2.fastq.gz	(0.0, 29.0)	(1.0, 30.5)	(2.0, 37.5)	(3.0, 50.5)	(4.0, 64.5)	(5.0, 82.0)	(6.0, 91.5)	(7.0, 98.5)	(8.0, 107.0)	(9.0, 122.5)	(10.0, 125.5)	(11.0, 125.0)	(12.0, 144.0)	(13.0, 155.0)	(14.0, 155.0)	(15.0, 152.0)	(16.0, 171.5)	(17.0, 182.5)	(18.0, 179.0)	(19.0, 186.0)	(20.0, 202.5)	(21.0, 227.0)	(22.0, 277.5)	(23.0, 348.5)	(24.0, 398.5)	(25.0, 443.5)	(26.0, 547.0)	(27.0, 685.0)	(28.0, 776.5)	(29.0, 865.5)	(30.0, 965.0)	(31.0, 992.0)	(32.0, 1066.0)	(33.0, 1226.0)	(34.0, 1367.5)	(35.0, 1475.0)	(36.0, 1599.0)	(37.0, 1697.0)	(38.0, 1775.5)	(39.0, 1830.0)	(40.0, 1882.0)	(41.0, 1987.0)	(42.0, 2040.0)	(43.0, 2045.5)	(44.0, 2066.5)	(45.0, 2203.0)	(46.0, 2306.0)	(47.0, 2301.0)	(48.0, 2284.5)	(49.0, 2233.5)	(50.0, 2166.0)	(51.0, 2199.0)	(52.0, 2307.5)	(53.0, 2364.0)	(54.0, 2465.0)	(55.0, 2423.5)	(56.0, 2298.5)	(57.0, 2336.0)	(58.0, 2523.0)	(59.0, 3063.5)	(60.0, 3780.5)	(61.0, 4999.5)	(62.0, 5209.0)	(63.0, 4347.0)	(64.0, 3905.0)	(65.0, 2731.5)	(66.0, 1496.0)	(67.0, 1018.0)	(68.0, 774.5)	(69.0, 599.5)	(70.0, 465.5)	(71.0, 396.0)	(72.0, 364.5)	(73.0, 320.5)	(74.0, 231.0)	(75.0, 184.5)	(76.0, 180.5)	(77.0, 153.0)	(78.0, 129.0)	(79.0, 111.0)	(80.0, 111.0)	(81.0, 113.0)	(82.0, 118.5)	(83.0, 99.0)	(84.0, 58.5)	(85.0, 58.5)	(86.0, 59.0)	(87.0, 42.0)	(88.0, 36.0)	(89.0, 33.5)	(90.0, 33.5)	(91.0, 38.5)	(92.0, 35.5)	(93.0, 35.0)	(94.0, 39.0)	(95.0, 41.5)	(96.0, 40.0)	(97.0, 44.5)	(98.0, 59.5)	(99.0, 92.0)	(100.0, 470.0)
SRR16013090_2.trimmed.fastq.gz	(0.0, 27.0)	(1.0, 28.0)	(2.0, 36.0)	(3.0, 45.5)	(4.0, 55.0)	(5.0, 69.5)	(6.0, 72.5)	(7.0, 82.0)	(8.0, 93.5)	(9.0, 97.5)	(10.0, 95.5)	(11.0, 89.5)	(12.0, 97.5)	(13.0, 101.0)	(14.0, 100.5)	(15.0, 92.5)	(16.0, 95.5)	(17.0, 102.5)	(18.0, 91.0)	(19.0, 84.0)	(20.0, 97.0)	(21.0, 114.0)	(22.0, 147.5)	(23.0, 210.5)	(24.0, 242.5)	(25.0, 266.0)	(26.0, 350.5)	(27.0, 458.0)	(28.0, 544.5)	(29.0, 651.0)	(30.0, 786.5)	(31.0, 840.5)	(32.0, 909.0)	(33.0, 1040.5)	(34.0, 1154.5)	(35.0, 1261.0)	(36.0, 1365.0)	(37.0, 1458.0)	(38.0, 1528.0)	(39.0, 1606.0)	(40.0, 1674.5)	(41.0, 1763.0)	(42.0, 1803.0)	(43.0, 1793.0)	(44.0, 1838.5)	(45.0, 1971.5)	(46.0, 2045.5)	(47.0, 2008.5)	(48.0, 2007.5)	(49.0, 2020.5)	(50.0, 1976.5)	(51.0, 1998.5)	(52.0, 2086.5)	(53.0, 2141.5)	(54.0, 2266.5)	(55.0, 2264.5)	(56.0, 2130.5)	(57.0, 2152.0)	(58.0, 2363.5)	(59.0, 2926.5)	(60.0, 3663.0)	(61.0, 4910.0)	(62.0, 5145.0)	(63.0, 4305.5)	(64.0, 3874.0)	(65.0, 2656.0)	(66.0, 1408.0)	(67.0, 925.5)	(68.0, 670.5)	(69.0, 534.5)	(70.0, 406.0)	(71.0, 309.5)	(72.0, 278.0)	(73.0, 235.0)	(74.0, 142.5)	(75.0, 96.0)	(76.0, 99.5)	(77.0, 97.5)	(78.0, 87.0)	(79.0, 58.5)	(80.0, 54.5)	(81.0, 64.5)	(82.0, 90.0)	(83.0, 85.5)	(84.0, 46.5)	(85.0, 40.0)	(86.0, 33.0)	(87.0, 14.5)	(88.0, 7.0)	(89.0, 3.0)	(90.0, 1.0)	(91.0, 1.0)	(92.0, 0.0)	(93.0, 0.0)	(94.0, 0.0)	(95.0, 0.5)	(96.0, 2.5)	(97.0, 3.5)	(98.0, 6.5)	(99.0, 25.5)	(100.0, 128.0)
