Sample	0	1	2	3	4	5	6	7	8	9	10	11	12	13	14	15	16	17	18	19	20	21	22	23	24	25	26	27	28	29	30	31	32	33	34	35	36	37	38	39	40	41	42	43	44	45	46	47	48	49	50	51	52	53	54	55	56	57	58	59	60	61	62	63	64	65	66	67	68	69	70	71	72	73	74	75	76	77	78	79	80	81	82	83	84	85	86	87	88	89	90	91	92	93	94	95	96	97	98	99	100	101	102	103	104	105	106	107	108	109	110	111	112	113	114	115	116	117	118	119	120	121	122	123	124	125	126	127	128	129	130	131	132	133	134	135	136	137	138	139	140	141	142	143	144	145	146	147	148	149
SRR16013048_1.fastq.gz_SRR16013048_2.fastq.gz	(1, 73.453)	(2, 49.858999999999995)	(3, 52.198)	(4, 50.688)	(5, 50.324000000000005)	(6, 50.236000000000004)	(7, 49.592999999999996)	(8, 55.084999999999994)	(9, 53.05)	(10, 49.945)	(11, 58.894000000000005)	(12, 56.213)	(13, 52.259)	(14, 51.57899999999999)	(15, 51.864)	(16, 52.959)	(17, 52.800999999999995)	(18, 52.005)	(19, 52.983999999999995)	(20, 51.822)	(21, 51.937999999999995)	(22, 51.699)	(23, 51.288)	(24, 51.54600000000001)	(25, 52.261)	(26, 51.199)	(27, 49.396)	(28, 48.842)	(29, 48.879)	(30, 48.728)	(31, 49.208)	(32, 49.101)	(33, 48.156)	(34, 48.776)	(35, 48.909000000000006)	(36, 49.289)	(37, 48.686)	(38, 49.012)	(39, 48.096)	(40, 48.715)	(41, 48.266)	(42, 48.569)	(43, 49.311)	(44, 48.187000000000005)	(45, 48.622)	(46, 48.337)	(47, 47.827999999999996)	(48, 48.198)	(49, 48.274)	(50, 47.338)	(51, 47.924)	(52, 48.11)	(53, 48.506)	(54, 48.823)	(55, 47.847)	(56, 47.864000000000004)	(57, 46.5)	(58, 47.826)	(59, 47.599999999999994)	(60, 47.754999999999995)	(61, 48.174)	(62, 47.654999999999994)	(63, 48.014)	(64, 48.399)	(65, 46.947)	(66, 47.532999999999994)	(67, 47.702)	(68, 47.821999999999996)	(69, 47.188)	(70, 47.214)	(71, 47.788000000000004)	(72, 47.268)	(73, 48.376999999999995)	(74, 47.814)	(75, 46.579)	(76, 47.746)	(77, 47.631)	(78, 47.398)	(79, 47.699000000000005)	(80, 47.043)	(81, 47.242)	(82, 47.711999999999996)	(83, 48.087)	(84, 48.105)	(85, 47.977)	(86, 48.478)	(87, 46.660000000000004)	(88, 47.605)	(89, 47.691)	(90, 48.345)	(91, 48.339999999999996)	(92, 47.358)	(93, 47.410999999999994)	(94, 48.215)	(95, 47.615)	(96, 47.156)	(97, 48.57)	(98, 47.457)	(99, 47.798)	(100, 47.443999999999996)	(101, 47.051)	(102, 47.977)	(103, 47.647)	(104, 47.727000000000004)	(105, 46.987)	(106, 47.662)	(107, 47.936)	(108, 47.275)	(109, 47.534)	(110, 47.358)	(111, 47.226)	(112, 48.013)	(113, 47.808)	(114, 47.605)	(115, 47.963)	(116, 48.565999999999995)	(117, 48.028)	(118, 47.209)	(119, 47.766)	(120, 46.826)	(121, 47.183)	(122, 47.259)	(123, 47.382999999999996)	(124, 47.795)	(125, 47.369)	(126, 47.493)	(127, 47.171)	(128, 47.347)	(129, 47.71)	(130, 47.364)	(131, 48.010999999999996)	(132, 47.821000000000005)	(133, 47.153)	(134, 47.382000000000005)	(135, 47.168)	(136, 47.997)	(137, 47.321000000000005)	(138, 46.827999999999996)	(139, 47.762)	(140, 46.755)	(141, 47.431)	(142, 47.573)	(143, 46.602)	(144, 46.967999999999996)	(145, 47.124)	(146, 47.75)	(147, 46.925)	(148, 46.676)	(149, 47.368)	(150, 46.603)
SRR16013050_1.fastq.gz_SRR16013050_2.fastq.gz	(1, 72.068)	(2, 48.083)	(3, 49.968)	(4, 48.242000000000004)	(5, 48.346000000000004)	(6, 47.727000000000004)	(7, 47.73)	(8, 53.923)	(9, 51.29)	(10, 47.711)	(11, 56.723)	(12, 55.021)	(13, 50.482000000000006)	(14, 50.615)	(15, 50.236000000000004)	(16, 51.580999999999996)	(17, 51.417)	(18, 50.522999999999996)	(19, 51.25300000000001)	(20, 50.524)	(21, 50.405)	(22, 50.39900000000001)	(23, 49.719)	(24, 49.525000000000006)	(25, 50.57000000000001)	(26, 49.903999999999996)	(27, 48.306)	(28, 48.396)	(29, 48.618)	(30, 47.927)	(31, 48.626999999999995)	(32, 48.518)	(33, 47.410000000000004)	(34, 48.480000000000004)	(35, 48.132999999999996)	(36, 48.281)	(37, 48.275)	(38, 48.197)	(39, 47.255)	(40, 48.135)	(41, 48.062)	(42, 47.705999999999996)	(43, 48.278)	(44, 47.451)	(45, 48.086)	(46, 48.204)	(47, 47.586)	(48, 47.473)	(49, 47.394999999999996)	(50, 47.174)	(51, 47.4)	(52, 47.652)	(53, 47.736000000000004)	(54, 47.75)	(55, 47.133)	(56, 47.636)	(57, 46.346)	(58, 47.519)	(59, 47.087)	(60, 46.915)	(61, 47.939)	(62, 47.108)	(63, 47.321000000000005)	(64, 47.593)	(65, 47.058)	(66, 46.853)	(67, 47.168)	(68, 47.157)	(69, 46.825)	(70, 46.817)	(71, 47.051)	(72, 47.155)	(73, 47.912)	(74, 47.144999999999996)	(75, 46.453)	(76, 47.654999999999994)	(77, 47.246)	(78, 47.214)	(79, 47.429)	(80, 46.449)	(81, 46.897)	(82, 47.285)	(83, 47.894999999999996)	(84, 47.476)	(85, 47.915)	(86, 47.688)	(87, 46.583000000000006)	(88, 47.386)	(89, 47.388999999999996)	(90, 47.628)	(91, 47.815000000000005)	(92, 47.327999999999996)	(93, 46.824)	(94, 47.796)	(95, 47.605)	(96, 46.772000000000006)	(97, 47.971000000000004)	(98, 46.77)	(99, 47.519)	(100, 47.186)	(101, 47.367)	(102, 47.436)	(103, 47.348)	(104, 47.471999999999994)	(105, 47.043)	(106, 47.55)	(107, 47.791)	(108, 47.379)	(109, 47.28)	(110, 47.461999999999996)	(111, 46.827000000000005)	(112, 48.426)	(113, 47.769)	(114, 47.4)	(115, 48.42)	(116, 48.159)	(117, 47.969)	(118, 47.567)	(119, 48.067)	(120, 47.49)	(121, 47.812)	(122, 48.006)	(123, 48.124)	(124, 48.219)	(125, 48.137)	(126, 48.433)	(127, 48.294)	(128, 48.278999999999996)	(129, 48.346000000000004)	(130, 48.348)	(131, 48.809000000000005)	(132, 48.866)	(133, 48.487)	(134, 48.734)	(135, 48.455)	(136, 49.010999999999996)	(137, 48.643)	(138, 48.209999999999994)	(139, 48.802)	(140, 48.288)	(141, 48.859)	(142, 49.074)	(143, 48.431999999999995)	(144, 48.806)	(145, 48.504999999999995)	(146, 49.074)	(147, 48.784)	(148, 48.769)	(149, 49.488)	(150, 48.732)
SRR16013054_1.fastq.gz_SRR16013054_2.fastq.gz	(1, 73.568)	(2, 48.704)	(3, 51.666000000000004)	(4, 49.589)	(5, 49.503)	(6, 49.512)	(7, 48.962)	(8, 54.318999999999996)	(9, 52.373999999999995)	(10, 49.189)	(11, 58.096000000000004)	(12, 55.662)	(13, 52.032000000000004)	(14, 51.251000000000005)	(15, 51.498)	(16, 53.169)	(17, 52.117000000000004)	(18, 51.678000000000004)	(19, 52.725)	(20, 51.659)	(21, 51.931000000000004)	(22, 51.455)	(23, 51.062)	(24, 51.104000000000006)	(25, 51.918)	(26, 50.678)	(27, 49.34)	(28, 48.769)	(29, 49.19)	(30, 48.681000000000004)	(31, 49.279)	(32, 49.081)	(33, 48.428)	(34, 48.776)	(35, 48.934)	(36, 49.262)	(37, 49.364000000000004)	(38, 48.868)	(39, 48.089999999999996)	(40, 48.745)	(41, 48.559000000000005)	(42, 48.52)	(43, 49.264)	(44, 48.176)	(45, 48.774)	(46, 48.608000000000004)	(47, 48.367)	(48, 48.653)	(49, 48.815999999999995)	(50, 47.596)	(51, 48.260999999999996)	(52, 48.069)	(53, 48.498000000000005)	(54, 48.299)	(55, 48.183)	(56, 47.812)	(57, 47.39)	(58, 48.266999999999996)	(59, 47.925000000000004)	(60, 47.984)	(61, 48.42)	(62, 47.846)	(63, 48.178)	(64, 48.167)	(65, 47.531)	(66, 47.547)	(67, 48.264)	(68, 47.965999999999994)	(69, 47.677)	(70, 47.837)	(71, 47.465)	(72, 48.131)	(73, 48.397)	(74, 47.953)	(75, 47.121)	(76, 47.776)	(77, 47.723)	(78, 47.485)	(79, 47.811)	(80, 46.955999999999996)	(81, 47.664)	(82, 47.215)	(83, 48.558)	(84, 48.342)	(85, 48.262)	(86, 48.345)	(87, 47.229)	(88, 47.848)	(89, 47.766)	(90, 48.025)	(91, 48.164)	(92, 47.616)	(93, 47.546)	(94, 48.02)	(95, 48.006)	(96, 47.419)	(97, 48.165)	(98, 47.535)	(99, 48.052)	(100, 47.663)	(101, 47.625)	(102, 47.842)	(103, 47.788000000000004)	(104, 47.604)	(105, 47.216)	(106, 47.88)	(107, 48.315000000000005)	(108, 47.596)	(109, 48.183)	(110, 47.927)	(111, 47.498000000000005)	(112, 48.509)	(113, 47.906)	(114, 47.814)	(115, 48.311)	(116, 48.184)	(117, 48.723)	(118, 48.282000000000004)	(119, 48.009)	(120, 47.697)	(121, 47.656)	(122, 48.031)	(123, 47.923)	(124, 48.239)	(125, 48.096)	(126, 48.246)	(127, 48.262)	(128, 48.231)	(129, 48.010999999999996)	(130, 48.730000000000004)	(131, 48.798)	(132, 48.609)	(133, 48.541000000000004)	(134, 48.29)	(135, 48.699)	(136, 48.778)	(137, 48.841)	(138, 48.504000000000005)	(139, 49.059999999999995)	(140, 48.238)	(141, 48.903999999999996)	(142, 49.193999999999996)	(143, 48.834)	(144, 48.728)	(145, 48.888)	(146, 49.536)	(147, 49.029)	(148, 49.248)	(149, 49.643)	(150, 49.607)
SRR16013056_1.fastq.gz_SRR16013056_2.fastq.gz	(1, 73.076)	(2, 49.234)	(3, 51.132999999999996)	(4, 49.687)	(5, 49.247)	(6, 49.131)	(7, 48.54)	(8, 54.811)	(9, 52.335)	(10, 48.689)	(11, 57.924)	(12, 55.80500000000001)	(13, 51.504000000000005)	(14, 51.605000000000004)	(15, 51.307)	(16, 52.67699999999999)	(17, 51.995000000000005)	(18, 51.397999999999996)	(19, 52.49)	(20, 51.31)	(21, 51.763000000000005)	(22, 51.295)	(23, 50.794)	(24, 51.090999999999994)	(25, 51.805)	(26, 50.415)	(27, 49.417)	(28, 48.875)	(29, 49.294)	(30, 48.765)	(31, 49.59)	(32, 49.356)	(33, 48.17)	(34, 49.074)	(35, 49.074)	(36, 49.962)	(37, 48.948)	(38, 48.799)	(39, 48.294)	(40, 48.606)	(41, 48.384)	(42, 48.764)	(43, 49.406)	(44, 48.798)	(45, 48.742000000000004)	(46, 48.643)	(47, 47.882999999999996)	(48, 48.587)	(49, 48.699999999999996)	(50, 47.373)	(51, 48.466)	(52, 48.244)	(53, 48.793)	(54, 48.776)	(55, 47.936)	(56, 47.973)	(57, 46.723)	(58, 48.092)	(59, 47.717999999999996)	(60, 47.876000000000005)	(61, 48.313)	(62, 47.715)	(63, 48.443999999999996)	(64, 48.083)	(65, 47.554)	(66, 47.589999999999996)	(67, 47.918)	(68, 48.008)	(69, 47.510000000000005)	(70, 47.760000000000005)	(71, 47.833999999999996)	(72, 47.601)	(73, 48.602000000000004)	(74, 48.177)	(75, 47.241)	(76, 47.835)	(77, 47.806)	(78, 47.94)	(79, 48.152)	(80, 47.013)	(81, 47.817)	(82, 47.981)	(83, 48.648)	(84, 48.222)	(85, 48.658)	(86, 48.585)	(87, 47.062)	(88, 48.044)	(89, 47.808)	(90, 48.373)	(91, 48.366)	(92, 47.721000000000004)	(93, 47.8)	(94, 48.362)	(95, 48.36)	(96, 47.245)	(97, 48.807)	(98, 47.764)	(99, 48.041)	(100, 48.055)	(101, 47.644)	(102, 48.034)	(103, 48.081)	(104, 48.233)	(105, 47.459)	(106, 48.027)	(107, 48.526)	(108, 48.058)	(109, 47.864000000000004)	(110, 48.422)	(111, 47.571999999999996)	(112, 49.081)	(113, 48.309000000000005)	(114, 48.065000000000005)	(115, 49.24)	(116, 49.155)	(117, 48.919000000000004)	(118, 48.818)	(119, 48.571)	(120, 48.673)	(121, 48.388)	(122, 48.76)	(123, 49.073)	(124, 49.344)	(125, 48.893)	(126, 49.575)	(127, 49.361)	(128, 49.695)	(129, 49.674)	(130, 49.671)	(131, 49.954)	(132, 50.480000000000004)	(133, 49.85)	(134, 50.653999999999996)	(135, 50.202999999999996)	(136, 50.831)	(137, 50.68899999999999)	(138, 50.654999999999994)	(139, 51.199)	(140, 50.939)	(141, 51.300999999999995)	(142, 51.719)	(143, 50.794)	(144, 51.82299999999999)	(145, 51.623)	(146, 52.318)	(147, 51.422000000000004)	(148, 51.907000000000004)	(149, 52.56999999999999)	(150, 52.039)
SRR16013070_1.fastq.gz_SRR16013070_2.fastq.gz	(1, 73.95)	(2, 50.733)	(3, 52.986999999999995)	(4, 51.470000000000006)	(5, 50.763000000000005)	(6, 50.865)	(7, 49.968)	(8, 55.793000000000006)	(9, 53.39699999999999)	(10, 50.536)	(11, 59.414)	(12, 56.63)	(13, 52.723)	(14, 52.351000000000006)	(15, 51.807)	(16, 53.517)	(17, 53.242999999999995)	(18, 52.225)	(19, 53.323)	(20, 52.352)	(21, 52.245)	(22, 52.372)	(23, 51.74100000000001)	(24, 51.902)	(25, 52.749)	(26, 51.378)	(27, 49.488)	(28, 48.783)	(29, 49.232)	(30, 48.856)	(31, 49.662)	(32, 49.47)	(33, 48.114000000000004)	(34, 48.913000000000004)	(35, 48.952)	(36, 49.585)	(37, 48.827)	(38, 49.118)	(39, 48.059000000000005)	(40, 48.459)	(41, 48.443000000000005)	(42, 48.742000000000004)	(43, 49.666)	(44, 48.293)	(45, 49.004)	(46, 48.077)	(47, 48.079)	(48, 48.278)	(49, 48.358000000000004)	(50, 47.325)	(51, 48.173)	(52, 47.936)	(53, 48.418)	(54, 48.921)	(55, 47.4)	(56, 47.525)	(57, 45.95)	(58, 47.616)	(59, 47.345)	(60, 47.105999999999995)	(61, 48.766)	(62, 47.297)	(63, 48.29)	(64, 47.661)	(65, 47.034)	(66, 47.065)	(67, 47.832)	(68, 47.503)	(69, 47.425)	(70, 47.075)	(71, 47.455000000000005)	(72, 47.47)	(73, 48.423)	(74, 48.132000000000005)	(75, 46.735)	(76, 47.683)	(77, 47.89)	(78, 47.54)	(79, 47.876000000000005)	(80, 46.696)	(81, 47.603)	(82, 47.225)	(83, 48.589)	(84, 48.336)	(85, 48.169000000000004)	(86, 48.69)	(87, 46.887)	(88, 47.339)	(89, 47.713)	(90, 48.399)	(91, 48.046)	(92, 47.509)	(93, 47.391)	(94, 48.522)	(95, 47.728)	(96, 47.268)	(97, 48.742000000000004)	(98, 47.266000000000005)	(99, 47.967999999999996)	(100, 47.565000000000005)	(101, 47.150999999999996)	(102, 47.86)	(103, 48.065000000000005)	(104, 47.994)	(105, 47.104)	(106, 47.52)	(107, 47.82)	(108, 47.691)	(109, 47.666)	(110, 47.869)	(111, 47.276)	(112, 48.369)	(113, 48.032000000000004)	(114, 47.836)	(115, 48.829)	(116, 48.461999999999996)	(117, 48.854)	(118, 48.394)	(119, 48.138)	(120, 48.26)	(121, 47.55)	(122, 47.955)	(123, 48.154)	(124, 49.02)	(125, 48.036)	(126, 48.778)	(127, 48.837)	(128, 49.508)	(129, 48.69)	(130, 49.16)	(131, 49.730000000000004)	(132, 49.924)	(133, 49.0)	(134, 49.443)	(135, 49.579)	(136, 50.7)	(137, 49.836000000000006)	(138, 49.97)	(139, 50.324000000000005)	(140, 50.017)	(141, 50.385000000000005)	(142, 50.254)	(143, 49.603)	(144, 49.723)	(145, 50.017)	(146, 50.788999999999994)	(147, 50.192)	(148, 50.414)	(149, 50.676)	(150, 50.68899999999999)
SRR16013072_1.fastq.gz_SRR16013072_2.fastq.gz	(1, 74.66199999999999)	(2, 50.967)	(3, 53.467)	(4, 52.242)	(5, 51.501)	(6, 51.514)	(7, 49.669999999999995)	(8, 55.778000000000006)	(9, 53.971000000000004)	(10, 50.866)	(11, 59.755)	(12, 57.428999999999995)	(13, 52.536)	(14, 52.446000000000005)	(15, 52.061)	(16, 53.61)	(17, 53.596999999999994)	(18, 52.852)	(19, 53.852999999999994)	(20, 52.592000000000006)	(21, 53.452999999999996)	(22, 52.691)	(23, 52.23100000000001)	(24, 52.784)	(25, 52.63099999999999)	(26, 51.397999999999996)	(27, 50.412)	(28, 50.185)	(29, 50.751000000000005)	(30, 49.883)	(31, 50.817)	(32, 50.50599999999999)	(33, 49.209)	(34, 49.671)	(35, 49.922)	(36, 51.23799999999999)	(37, 49.980000000000004)	(38, 50.066)	(39, 49.126)	(40, 49.301)	(41, 49.535000000000004)	(42, 49.929)	(43, 50.73)	(44, 49.605)	(45, 50.1)	(46, 49.088)	(47, 48.435)	(48, 49.392)	(49, 49.322)	(50, 48.006)	(51, 49.25)	(52, 49.033)	(53, 49.755)	(54, 50.663000000000004)	(55, 48.016)	(56, 48.525)	(57, 46.922999999999995)	(58, 48.493)	(59, 48.311)	(60, 48.251)	(61, 49.518)	(62, 48.211999999999996)	(63, 49.364999999999995)	(64, 48.638)	(65, 47.914)	(66, 48.046)	(67, 48.632999999999996)	(68, 48.405)	(69, 48.618)	(70, 47.799)	(71, 48.274)	(72, 48.453)	(73, 49.816)	(74, 49.18)	(75, 47.204)	(76, 48.248999999999995)	(77, 48.559999999999995)	(78, 48.768)	(79, 48.931999999999995)	(80, 46.894000000000005)	(81, 48.847)	(82, 48.346000000000004)	(83, 50.369)	(84, 49.697)	(85, 49.02)	(86, 49.805)	(87, 48.123)	(88, 48.439)	(89, 48.128)	(90, 49.458999999999996)	(91, 49.198)	(92, 48.159)	(93, 48.55)	(94, 49.458999999999996)	(95, 49.268)	(96, 47.685)	(97, 49.799)	(98, 47.744)	(99, 49.012)	(100, 48.293)	(101, 47.741)	(102, 48.474000000000004)	(103, 48.345)	(104, 48.612)	(105, 47.134)	(106, 48.086)	(107, 48.835)	(108, 48.236000000000004)	(109, 48.0)	(110, 48.363)	(111, 47.08)	(112, 48.732)	(113, 49.071)	(114, 48.503)	(115, 49.293)	(116, 49.344)	(117, 48.939)	(118, 48.638999999999996)	(119, 48.602000000000004)	(120, 48.032000000000004)	(121, 48.0)	(122, 47.854)	(123, 48.418)	(124, 48.717)	(125, 48.132999999999996)	(126, 48.616)	(127, 48.659)	(128, 48.58)	(129, 48.292)	(130, 48.461999999999996)	(131, 49.256)	(132, 49.028)	(133, 47.734)	(134, 48.725)	(135, 48.549)	(136, 49.257)	(137, 48.827)	(138, 48.063)	(139, 48.571)	(140, 48.298)	(141, 48.376999999999995)	(142, 48.854)	(143, 47.568)	(144, 48.464)	(145, 48.198)	(146, 48.866)	(147, 48.042)	(148, 47.764)	(149, 49.211)	(150, 47.994)
SRR16013073_1.fastq.gz_SRR16013073_2.fastq.gz	(1, 74.744)	(2, 51.027)	(3, 53.834)	(4, 52.50899999999999)	(5, 51.43600000000001)	(6, 52.400999999999996)	(7, 49.730000000000004)	(8, 56.323)	(9, 54.185)	(10, 50.893)	(11, 60.343999999999994)	(12, 57.352000000000004)	(13, 52.910000000000004)	(14, 52.788999999999994)	(15, 51.841)	(16, 53.528)	(17, 53.656000000000006)	(18, 52.900999999999996)	(19, 53.87)	(20, 52.428)	(21, 53.382)	(22, 52.591)	(23, 52.054)	(24, 52.81400000000001)	(25, 52.952)	(26, 52.202000000000005)	(27, 51.373000000000005)	(28, 51.852)	(29, 52.658)	(30, 52.445)	(31, 53.19199999999999)	(32, 53.217000000000006)	(33, 51.856)	(34, 51.79899999999999)	(35, 51.72)	(36, 53.212)	(37, 51.596)	(38, 51.729)	(39, 50.55)	(40, 50.952)	(41, 51.403)	(42, 52.10900000000001)	(43, 52.739999999999995)	(44, 51.304)	(45, 52.657)	(46, 51.284)	(47, 50.727999999999994)	(48, 51.410999999999994)	(49, 50.983000000000004)	(50, 50.268)	(51, 51.187000000000005)	(52, 50.968)	(53, 52.097)	(54, 52.538)	(55, 50.088)	(56, 50.461999999999996)	(57, 48.663000000000004)	(58, 50.797000000000004)	(59, 50.151)	(60, 50.146)	(61, 51.516)	(62, 50.096)	(63, 51.727000000000004)	(64, 50.796)	(65, 50.105)	(66, 50.163000000000004)	(67, 50.93600000000001)	(68, 50.316)	(69, 49.991)	(70, 49.989)	(71, 50.522999999999996)	(72, 50.8)	(73, 51.742)	(74, 51.132999999999996)	(75, 49.302)	(76, 50.631)	(77, 50.558)	(78, 50.688)	(79, 50.714999999999996)	(80, 49.051)	(81, 50.964)	(82, 50.18899999999999)	(83, 52.471999999999994)	(84, 52.283)	(85, 51.010999999999996)	(86, 51.532)	(87, 49.592999999999996)	(88, 50.131)	(89, 50.346999999999994)	(90, 51.68000000000001)	(91, 50.766999999999996)	(92, 50.474)	(93, 50.449999999999996)	(94, 51.532999999999994)	(95, 51.199)	(96, 49.759)	(97, 51.214000000000006)	(98, 49.586000000000006)	(99, 50.915)	(100, 50.011)	(101, 49.229)	(102, 50.766)	(103, 50.332)	(104, 50.192)	(105, 49.373)	(106, 49.821)	(107, 51.039)	(108, 50.341)	(109, 49.773)	(110, 50.011)	(111, 48.809000000000005)	(112, 50.967)	(113, 50.50599999999999)	(114, 49.991)	(115, 50.79)	(116, 51.251000000000005)	(117, 51.017999999999994)	(118, 50.749)	(119, 50.651)	(120, 50.202999999999996)	(121, 49.484)	(122, 49.903)	(123, 50.471)	(124, 50.937)	(125, 50.273)	(126, 51.134)	(127, 50.907000000000004)	(128, 50.686)	(129, 51.04)	(130, 50.870000000000005)	(131, 51.89)	(132, 52.1)	(133, 50.631)	(134, 51.910999999999994)	(135, 51.751999999999995)	(136, 52.56999999999999)	(137, 51.98199999999999)	(138, 51.662)	(139, 52.066)	(140, 51.464)	(141, 52.444)	(142, 52.993)	(143, 52.039)	(144, 52.773)	(145, 52.93600000000001)	(146, 53.554)	(147, 53.105999999999995)	(148, 53.005)	(149, 54.72)	(150, 54.16)
SRR16013074_1.fastq.gz_SRR16013074_2.fastq.gz	(1, 74.875)	(2, 50.937)	(3, 53.776)	(4, 52.495000000000005)	(5, 51.318)	(6, 52.04600000000001)	(7, 49.769000000000005)	(8, 56.115)	(9, 53.876000000000005)	(10, 50.735)	(11, 59.885)	(12, 57.401)	(13, 52.736000000000004)	(14, 52.416)	(15, 51.986)	(16, 53.586)	(17, 53.596)	(18, 52.724000000000004)	(19, 54.186)	(20, 52.235)	(21, 53.232)	(22, 52.955)	(23, 51.986)	(24, 52.723)	(25, 52.952)	(26, 51.571)	(27, 51.42099999999999)	(28, 51.793)	(29, 52.711)	(30, 52.152)	(31, 52.992)	(32, 53.13)	(33, 51.505)	(34, 52.2)	(35, 52.209)	(36, 53.312000000000005)	(37, 52.19200000000001)	(38, 52.221)	(39, 51.42)	(40, 51.599)	(41, 51.641999999999996)	(42, 52.263000000000005)	(43, 52.807)	(44, 51.43600000000001)	(45, 52.501)	(46, 51.089)	(47, 51.035)	(48, 51.329)	(49, 51.324999999999996)	(50, 50.4)	(51, 51.300999999999995)	(52, 51.056999999999995)	(53, 51.861999999999995)	(54, 52.689)	(55, 50.185)	(56, 50.345)	(57, 48.837)	(58, 50.986)	(59, 50.027)	(60, 50.452)	(61, 51.549)	(62, 50.300999999999995)	(63, 51.72)	(64, 50.866)	(65, 49.808)	(66, 50.381)	(67, 50.9)	(68, 50.782000000000004)	(69, 50.605)	(70, 49.832)	(71, 50.449999999999996)	(72, 50.690000000000005)	(73, 51.666999999999994)	(74, 51.30200000000001)	(75, 49.582)	(76, 50.635)	(77, 50.68)	(78, 51.114000000000004)	(79, 51.037)	(80, 49.712)	(81, 51.425)	(82, 50.82)	(83, 52.776999999999994)	(84, 52.636)	(85, 51.609)	(86, 52.307)	(87, 50.498)	(88, 51.336999999999996)	(89, 51.352)	(90, 52.479)	(91, 52.085)	(92, 51.43600000000001)	(93, 51.663000000000004)	(94, 52.603)	(95, 52.089)	(96, 51.063)	(97, 52.943)	(98, 50.993)	(99, 52.187)	(100, 51.49)	(101, 50.661)	(102, 52.125)	(103, 51.644999999999996)	(104, 51.958000000000006)	(105, 50.6)	(106, 51.282000000000004)	(107, 52.347)	(108, 52.019999999999996)	(109, 51.405)	(110, 51.339)	(111, 50.866)	(112, 52.559999999999995)	(113, 52.291)	(114, 51.99)	(115, 52.494)	(116, 52.783)	(117, 53.138)	(118, 52.211)	(119, 52.193)	(120, 51.866)	(121, 51.688)	(122, 51.812000000000005)	(123, 52.42099999999999)	(124, 52.784)	(125, 52.437)	(126, 53.293)	(127, 52.977)	(128, 53.187)	(129, 53.333)	(130, 52.84100000000001)	(131, 54.45100000000001)	(132, 53.99699999999999)	(133, 53.599)	(134, 54.020999999999994)	(135, 54.247)	(136, 55.077)	(137, 54.459999999999994)	(138, 54.188)	(139, 54.293)	(140, 54.122)	(141, 55.24099999999999)	(142, 55.788000000000004)	(143, 54.50000000000001)	(144, 55.245999999999995)	(145, 55.497)	(146, 56.218)	(147, 55.694)	(148, 55.826)	(149, 57.469)	(150, 56.849000000000004)
SRR16013082_1.fastq.gz_SRR16013082_2.fastq.gz	(1, 73.412)	(2, 48.208)	(3, 51.125)	(4, 49.742999999999995)	(5, 49.147)	(6, 49.396)	(7, 48.248000000000005)	(8, 54.334)	(9, 52.629999999999995)	(10, 49.214)	(11, 58.04899999999999)	(12, 56.010000000000005)	(13, 51.268)	(14, 51.212)	(15, 51.049)	(16, 52.402)	(17, 52.063)	(18, 51.751000000000005)	(19, 52.566)	(20, 51.50900000000001)	(21, 51.785000000000004)	(22, 51.25300000000001)	(23, 50.773999999999994)	(24, 51.475)	(25, 51.251999999999995)	(26, 49.761)	(27, 49.761)	(28, 48.818)	(29, 49.484)	(30, 49.025)	(31, 49.72)	(32, 49.679)	(33, 48.033)	(34, 48.922)	(35, 49.283)	(36, 49.475)	(37, 48.796)	(38, 49.128)	(39, 48.11)	(40, 48.96)	(41, 48.611)	(42, 48.744)	(43, 49.555)	(44, 48.191)	(45, 49.387)	(46, 48.628)	(47, 47.907)	(48, 48.597)	(49, 48.357)	(50, 47.824)	(51, 48.442)	(52, 48.635)	(53, 48.924)	(54, 49.169000000000004)	(55, 47.684)	(56, 47.752)	(57, 46.638000000000005)	(58, 48.269)	(59, 47.599000000000004)	(60, 47.868)	(61, 48.416)	(62, 47.477999999999994)	(63, 48.343)	(64, 48.163)	(65, 47.028)	(66, 47.202)	(67, 47.965)	(68, 48.164)	(69, 47.625)	(70, 47.318)	(71, 47.394)	(72, 48.025)	(73, 49.02)	(74, 48.065999999999995)	(75, 47.015)	(76, 47.746)	(77, 47.882000000000005)	(78, 47.735)	(79, 48.021)	(80, 47.14)	(81, 47.894)	(82, 47.876999999999995)	(83, 48.962)	(84, 48.782)	(85, 48.592999999999996)	(86, 48.643)	(87, 47.152)	(88, 48.421)	(89, 47.891)	(90, 48.569)	(91, 48.892)	(92, 47.996)	(93, 48.043)	(94, 48.931999999999995)	(95, 48.508)	(96, 47.47)	(97, 48.801)	(98, 47.416000000000004)	(99, 48.443999999999996)	(100, 48.478)	(101, 47.537)	(102, 48.116)	(103, 47.881)	(104, 48.047000000000004)	(105, 47.485)	(106, 47.872)	(107, 48.045)	(108, 47.896)	(109, 47.732)	(110, 47.93)	(111, 47.284)	(112, 48.901)	(113, 48.394999999999996)	(114, 48.199999999999996)	(115, 48.925000000000004)	(116, 48.809000000000005)	(117, 48.888)	(118, 48.294)	(119, 48.396)	(120, 47.702)	(121, 47.842)	(122, 48.1)	(123, 48.244)	(124, 48.882)	(125, 47.863)	(126, 48.679)	(127, 48.592999999999996)	(128, 48.818)	(129, 48.598)	(130, 48.748999999999995)	(131, 49.313)	(132, 48.941)	(133, 48.497)	(134, 48.981)	(135, 48.549)	(136, 49.941)	(137, 48.78)	(138, 48.521)	(139, 49.129)	(140, 48.611)	(141, 48.921)	(142, 49.473)	(143, 48.455999999999996)	(144, 48.625)	(145, 48.493)	(146, 49.425000000000004)	(147, 48.681000000000004)	(148, 48.495)	(149, 48.844)	(150, 48.681000000000004)
SRR16013083_1.fastq.gz_SRR16013083_2.fastq.gz	(1, 73.16)	(2, 48.666)	(3, 51.480000000000004)	(4, 50.059)	(5, 49.693)	(6, 49.688)	(7, 48.372)	(8, 54.527)	(9, 52.808)	(10, 48.978)	(11, 58.196000000000005)	(12, 55.954)	(13, 51.787000000000006)	(14, 51.233)	(15, 50.653999999999996)	(16, 52.24100000000001)	(17, 52.11900000000001)	(18, 51.489)	(19, 52.697)	(20, 51.187000000000005)	(21, 52.006)	(22, 51.562)	(23, 51.344)	(24, 51.285000000000004)	(25, 51.479)	(26, 50.482000000000006)	(27, 50.355000000000004)	(28, 50.782000000000004)	(29, 51.156)	(30, 50.854)	(31, 51.451)	(32, 51.644)	(33, 50.363)	(34, 51.139)	(35, 51.051)	(36, 51.776999999999994)	(37, 51.05)	(38, 51.312000000000005)	(39, 49.739)	(40, 50.82)	(41, 50.541000000000004)	(42, 50.739000000000004)	(43, 51.81099999999999)	(44, 50.322)	(45, 50.989)	(46, 50.393)	(47, 50.236999999999995)	(48, 50.400999999999996)	(49, 50.548)	(50, 49.61)	(51, 50.32299999999999)	(52, 50.407999999999994)	(53, 50.938)	(54, 51.763000000000005)	(55, 49.531)	(56, 49.833)	(57, 48.347)	(58, 50.480000000000004)	(59, 49.486000000000004)	(60, 49.694)	(61, 50.32299999999999)	(62, 49.301)	(63, 50.552)	(64, 50.446999999999996)	(65, 49.5)	(66, 50.025)	(67, 50.249)	(68, 49.889)	(69, 49.628)	(70, 49.541000000000004)	(71, 49.846000000000004)	(72, 49.931)	(73, 51.298)	(74, 50.242)	(75, 49.159000000000006)	(76, 50.029999999999994)	(77, 50.168)	(78, 50.207)	(79, 50.013)	(80, 49.086)	(81, 49.962)	(82, 49.997)	(83, 51.212999999999994)	(84, 51.246)	(85, 50.673)	(86, 51.24999999999999)	(87, 49.884)	(88, 50.358000000000004)	(89, 50.336999999999996)	(90, 51.518)	(91, 51.4)	(92, 50.56)	(93, 50.502)	(94, 51.64)	(95, 51.166)	(96, 50.17700000000001)	(97, 51.525)	(98, 49.973)	(99, 51.368)	(100, 50.751000000000005)	(101, 50.149)	(102, 51.187000000000005)	(103, 50.761)	(104, 51.274)	(105, 50.125)	(106, 51.0)	(107, 51.102000000000004)	(108, 50.974)	(109, 50.88)	(110, 51.153999999999996)	(111, 50.556999999999995)	(112, 51.859)	(113, 51.481)	(114, 51.165000000000006)	(115, 51.885999999999996)	(116, 51.888)	(117, 52.288000000000004)	(118, 51.973)	(119, 51.653999999999996)	(120, 51.322)	(121, 51.18000000000001)	(122, 51.762)	(123, 51.487)	(124, 52.298)	(125, 51.831)	(126, 52.298)	(127, 52.65)	(128, 52.635)	(129, 52.885000000000005)	(130, 52.452)	(131, 53.644000000000005)	(132, 53.11)	(133, 52.776999999999994)	(134, 53.361999999999995)	(135, 53.176)	(136, 54.391999999999996)	(137, 53.319)	(138, 52.906)	(139, 53.452)	(140, 53.288000000000004)	(141, 53.66)	(142, 54.142)	(143, 53.249)	(144, 54.043)	(145, 54.21)	(146, 54.85)	(147, 54.432)	(148, 54.275)	(149, 55.114)	(150, 55.117000000000004)
SRR16013084_1.fastq.gz_SRR16013084_2.fastq.gz	(1, 73.368)	(2, 48.733)	(3, 51.413)	(4, 50.352)	(5, 49.442)	(6, 49.789)	(7, 48.724000000000004)	(8, 54.876999999999995)	(9, 52.727999999999994)	(10, 48.851)	(11, 58.315)	(12, 56.215)	(13, 51.575)	(14, 51.418)	(15, 51.053000000000004)	(16, 52.278999999999996)	(17, 52.325)	(18, 51.532999999999994)	(19, 53.096)	(20, 51.568000000000005)	(21, 52.105999999999995)	(22, 51.525)	(23, 51.102000000000004)	(24, 51.639)	(25, 51.827999999999996)	(26, 50.834)	(27, 50.466)	(28, 50.925)	(29, 51.970000000000006)	(30, 51.304)	(31, 52.020999999999994)	(32, 52.403)	(33, 50.558)	(34, 50.882000000000005)	(35, 51.11599999999999)	(36, 51.980000000000004)	(37, 50.407999999999994)	(38, 50.773)	(39, 50.109)	(40, 50.568999999999996)	(41, 51.101)	(42, 50.815)	(43, 51.893)	(44, 50.553000000000004)	(45, 51.207)	(46, 50.217999999999996)	(47, 50.249)	(48, 50.507000000000005)	(49, 50.897999999999996)	(50, 49.896)	(51, 50.56699999999999)	(52, 50.67700000000001)	(53, 51.132999999999996)	(54, 51.471999999999994)	(55, 50.041999999999994)	(56, 49.81)	(57, 48.25)	(58, 50.52799999999999)	(59, 49.54)	(60, 49.848)	(61, 50.565000000000005)	(62, 49.765)	(63, 50.784)	(64, 50.514)	(65, 49.658)	(66, 49.458999999999996)	(67, 50.293)	(68, 49.921)	(69, 49.431000000000004)	(70, 49.646)	(71, 50.036)	(72, 49.974000000000004)	(73, 51.188)	(74, 50.50599999999999)	(75, 49.238)	(76, 50.078)	(77, 50.383)	(78, 49.75)	(79, 50.12)	(80, 48.997)	(81, 50.28)	(82, 49.748)	(83, 51.062)	(84, 51.066)	(85, 50.5)	(86, 50.926)	(87, 49.3)	(88, 49.8)	(89, 50.251000000000005)	(90, 51.07899999999999)	(91, 50.432)	(92, 50.005)	(93, 49.87)	(94, 50.883)	(95, 50.32)	(96, 49.523)	(97, 51.254999999999995)	(98, 49.141)	(99, 50.474)	(100, 49.992)	(101, 48.982)	(102, 50.393)	(103, 49.942)	(104, 49.917)	(105, 49.116)	(106, 50.034)	(107, 50.413)	(108, 49.911)	(109, 49.828)	(110, 50.03300000000001)	(111, 49.123)	(112, 50.562)	(113, 50.590999999999994)	(114, 49.94)	(115, 50.613)	(116, 50.961)	(117, 50.436)	(118, 50.638000000000005)	(119, 50.353)	(120, 49.830999999999996)	(121, 49.778)	(122, 50.07)	(123, 50.532)	(124, 50.748000000000005)	(125, 50.593999999999994)	(126, 50.827999999999996)	(127, 50.949999999999996)	(128, 51.109)	(129, 50.766999999999996)	(130, 50.68)	(131, 52.087)	(132, 51.635)	(133, 51.231)	(134, 51.949)	(135, 51.581999999999994)	(136, 52.790000000000006)	(137, 51.539)	(138, 51.422999999999995)	(139, 51.669)	(140, 51.62)	(141, 51.576)	(142, 52.2)	(143, 51.654999999999994)	(144, 52.018)	(145, 52.32)	(146, 52.949999999999996)	(147, 52.38699999999999)	(148, 52.403999999999996)	(149, 53.248)	(150, 53.035)
SRR16013090_1.fastq.gz_SRR16013090_2.fastq.gz	(1, 76.973)	(2, 55.629)	(3, 55.584)	(4, 56.276)	(5, 54.028)	(6, 55.340999999999994)	(7, 53.141000000000005)	(8, 58.062000000000005)	(9, 56.936)	(10, 53.525999999999996)	(11, 61.528000000000006)	(12, 59.69)	(13, 55.235)	(14, 54.662)	(15, 53.998000000000005)	(16, 55.96600000000001)	(17, 55.855)	(18, 54.686)	(19, 56.154)	(20, 53.968)	(21, 55.47299999999999)	(22, 54.208)	(23, 53.458000000000006)	(24, 54.838)	(25, 54.352999999999994)	(26, 53.234)	(27, 51.934999999999995)	(28, 49.179)	(29, 50.734)	(30, 50.119)	(31, 51.117999999999995)	(32, 50.649)	(33, 49.111)	(34, 49.866)	(35, 50.051)	(36, 51.111)	(37, 50.375)	(38, 49.102000000000004)	(39, 49.592999999999996)	(40, 49.151)	(41, 49.178)	(42, 49.915)	(43, 50.763000000000005)	(44, 48.963)	(45, 50.403)	(46, 48.753)	(47, 48.354)	(48, 49.16)	(49, 48.351)	(50, 47.786)	(51, 49.061)	(52, 48.321)	(53, 49.399)	(54, 49.941)	(55, 47.158)	(56, 48.071999999999996)	(57, 46.12)	(58, 47.782000000000004)	(59, 47.975)	(60, 48.083)	(61, 49.061)	(62, 47.016999999999996)	(63, 49.003)	(64, 48.004999999999995)	(65, 46.758)	(66, 47.835)	(67, 48.122)	(68, 48.113)	(69, 48.219)	(70, 47.111999999999995)	(71, 47.318)	(72, 48.375)	(73, 49.242000000000004)	(74, 48.333999999999996)	(75, 46.814)	(76, 47.675)	(77, 47.897)	(78, 47.616)	(79, 48.291000000000004)	(80, 46.768)	(81, 48.235)	(82, 48.131)	(83, 49.639)	(84, 49.719)	(85, 48.969)	(86, 49.408)	(87, 47.038999999999994)	(88, 47.862)	(89, 48.057)	(90, 49.498999999999995)	(91, 48.93)	(92, 47.754999999999995)	(93, 47.65)	(94, 49.199)	(95, 48.231)	(96, 47.089)	(97, 48.811)	(98, 47.255)	(99, 48.309000000000005)	(100, 47.079)	(101, 46.604)	(102, 48.074)	(103, 47.825)	(104, 47.843)	(105, 46.519)	(106, 46.916000000000004)	(107, 47.978)	(108, 47.160000000000004)	(109, 47.13)	(110, 46.949999999999996)	(111, 46.241)	(112, 48.037)	(113, 47.671)	(114, 48.003)	(115, 48.150999999999996)	(116, 47.949000000000005)	(117, 48.02)	(118, 47.252)	(119, 47.215)	(120, 46.665)	(121, 46.458)	(122, 46.321)	(123, 46.589000000000006)	(124, 47.124)	(125, 46.619)	(126, 46.622)	(127, 46.533)	(128, 46.544999999999995)	(129, 46.602)	(130, 46.031)	(131, 47.015)	(132, 47.399)	(133, 45.795)	(134, 46.346)	(135, 46.410000000000004)	(136, 47.17)	(137, 46.489999999999995)	(138, 46.211)	(139, 45.838)	(140, 45.709)	(141, 46.804)	(142, 46.358)	(143, 45.605000000000004)	(144, 46.07)	(145, 45.809)	(146, 46.489999999999995)	(147, 45.495000000000005)	(148, 45.48)	(149, 46.452)	(150, 45.873999999999995)
