Sample	0	1	2	3	4	5	6	7	8	9	10	11	12	13	14	15	16	17	18	19	20	21	22	23	24	25	26
SRR16013048_1.fastq.gz	(17.0, 1.0)	(18.0, 2.0)	(19.0, 1.0)	(20.0, 4.0)	(21.0, 13.0)	(22.0, 26.0)	(23.0, 47.0)	(24.0, 55.0)	(25.0, 110.0)	(26.0, 140.0)	(27.0, 178.0)	(28.0, 251.0)	(29.0, 401.0)	(30.0, 459.0)	(31.0, 632.0)	(32.0, 781.0)	(33.0, 1125.0)	(34.0, 1931.0)	(35.0, 6039.0)	(36.0, 72425.0)	(37.0, 15379.0)						
SRR16013048_1.trimmed.fastq.gz	(23.0, 2.0)	(24.0, 18.0)	(25.0, 70.0)	(26.0, 107.0)	(27.0, 143.0)	(28.0, 207.0)	(29.0, 339.0)	(30.0, 409.0)	(31.0, 524.0)	(32.0, 688.0)	(33.0, 922.0)	(34.0, 1592.0)	(35.0, 4052.0)	(36.0, 62335.0)	(37.0, 20716.0)												
SRR16013048_2.fastq.gz	(12.0, 5.0)	(13.0, 90.0)	(14.0, 438.0)	(15.0, 822.0)	(16.0, 895.0)	(17.0, 679.0)	(18.0, 552.0)	(19.0, 474.0)	(20.0, 541.0)	(21.0, 674.0)	(22.0, 961.0)	(23.0, 1161.0)	(24.0, 1065.0)	(25.0, 812.0)	(26.0, 659.0)	(27.0, 550.0)	(28.0, 511.0)	(29.0, 514.0)	(30.0, 594.0)	(31.0, 684.0)	(32.0, 1092.0)	(33.0, 2156.0)	(34.0, 4400.0)	(35.0, 13593.0)	(36.0, 62623.0)	(37.0, 3455.0)	
SRR16013048_2.trimmed.fastq.gz	(20.0, 1.0)	(21.0, 1.0)	(22.0, 8.0)	(23.0, 103.0)	(24.0, 634.0)	(25.0, 767.0)	(26.0, 593.0)	(27.0, 510.0)	(28.0, 461.0)	(29.0, 468.0)	(30.0, 531.0)	(31.0, 553.0)	(32.0, 766.0)	(33.0, 1183.0)	(34.0, 2386.0)	(35.0, 10373.0)	(36.0, 65371.0)	(37.0, 7415.0)									
SRR16013050_1.fastq.gz	(19.0, 3.0)	(20.0, 4.0)	(21.0, 11.0)	(22.0, 18.0)	(23.0, 38.0)	(24.0, 52.0)	(25.0, 77.0)	(26.0, 116.0)	(27.0, 153.0)	(28.0, 227.0)	(29.0, 352.0)	(30.0, 417.0)	(31.0, 581.0)	(32.0, 737.0)	(33.0, 1047.0)	(34.0, 2084.0)	(35.0, 6096.0)	(36.0, 73826.0)	(37.0, 14161.0)								
SRR16013050_1.trimmed.fastq.gz	(24.0, 9.0)	(25.0, 54.0)	(26.0, 86.0)	(27.0, 129.0)	(28.0, 181.0)	(29.0, 295.0)	(30.0, 378.0)	(31.0, 508.0)	(32.0, 651.0)	(33.0, 913.0)	(34.0, 1511.0)	(35.0, 4478.0)	(36.0, 66563.0)	(37.0, 18578.0)													
SRR16013050_2.fastq.gz	(12.0, 5.0)	(13.0, 69.0)	(14.0, 298.0)	(15.0, 588.0)	(16.0, 541.0)	(17.0, 462.0)	(18.0, 428.0)	(19.0, 355.0)	(20.0, 431.0)	(21.0, 485.0)	(22.0, 698.0)	(23.0, 847.0)	(24.0, 808.0)	(25.0, 654.0)	(26.0, 499.0)	(27.0, 447.0)	(28.0, 416.0)	(29.0, 444.0)	(30.0, 452.0)	(31.0, 622.0)	(32.0, 884.0)	(33.0, 1765.0)	(34.0, 3915.0)	(35.0, 13657.0)	(36.0, 66615.0)	(37.0, 3615.0)	
SRR16013050_2.trimmed.fastq.gz	(20.0, 1.0)	(21.0, 1.0)	(22.0, 6.0)	(23.0, 73.0)	(24.0, 471.0)	(25.0, 624.0)	(26.0, 466.0)	(27.0, 413.0)	(28.0, 406.0)	(29.0, 388.0)	(30.0, 402.0)	(31.0, 531.0)	(32.0, 685.0)	(33.0, 1126.0)	(34.0, 2433.0)	(35.0, 11151.0)	(36.0, 68309.0)	(37.0, 6848.0)									
SRR16013054_1.fastq.gz	(17.0, 1.0)	(18.0, 1.0)	(19.0, 2.0)	(20.0, 16.0)	(21.0, 16.0)	(22.0, 29.0)	(23.0, 43.0)	(24.0, 59.0)	(25.0, 72.0)	(26.0, 133.0)	(27.0, 204.0)	(28.0, 291.0)	(29.0, 347.0)	(30.0, 438.0)	(31.0, 640.0)	(32.0, 819.0)	(33.0, 1178.0)	(34.0, 2079.0)	(35.0, 6288.0)	(36.0, 72434.0)	(37.0, 14910.0)						
SRR16013054_1.trimmed.fastq.gz	(24.0, 13.0)	(25.0, 39.0)	(26.0, 99.0)	(27.0, 155.0)	(28.0, 213.0)	(29.0, 291.0)	(30.0, 382.0)	(31.0, 533.0)	(32.0, 695.0)	(33.0, 982.0)	(34.0, 1488.0)	(35.0, 4117.0)	(36.0, 62892.0)	(37.0, 20870.0)													
SRR16013054_2.fastq.gz	(12.0, 6.0)	(13.0, 97.0)	(14.0, 453.0)	(15.0, 866.0)	(16.0, 803.0)	(17.0, 623.0)	(18.0, 512.0)	(19.0, 422.0)	(20.0, 468.0)	(21.0, 600.0)	(22.0, 824.0)	(23.0, 931.0)	(24.0, 920.0)	(25.0, 740.0)	(26.0, 560.0)	(27.0, 512.0)	(28.0, 515.0)	(29.0, 533.0)	(30.0, 818.0)	(31.0, 1655.0)	(32.0, 2083.0)	(33.0, 3748.0)	(34.0, 7350.0)	(35.0, 16420.0)	(36.0, 55332.0)	(37.0, 2209.0)	
SRR16013054_2.trimmed.fastq.gz	(21.0, 2.0)	(22.0, 7.0)	(23.0, 63.0)	(24.0, 496.0)	(25.0, 680.0)	(26.0, 514.0)	(27.0, 424.0)	(28.0, 449.0)	(29.0, 443.0)	(30.0, 477.0)	(31.0, 648.0)	(32.0, 765.0)	(33.0, 1365.0)	(34.0, 2968.0)	(35.0, 12911.0)	(36.0, 64435.0)	(37.0, 6122.0)										
SRR16013056_1.fastq.gz	(17.0, 1.0)	(18.0, 2.0)	(19.0, 4.0)	(20.0, 8.0)	(21.0, 10.0)	(22.0, 35.0)	(23.0, 25.0)	(24.0, 49.0)	(25.0, 89.0)	(26.0, 128.0)	(27.0, 168.0)	(28.0, 233.0)	(29.0, 295.0)	(30.0, 421.0)	(31.0, 542.0)	(32.0, 675.0)	(33.0, 1000.0)	(34.0, 1654.0)	(35.0, 5627.0)	(36.0, 73091.0)	(37.0, 15943.0)						
SRR16013056_1.trimmed.fastq.gz	(24.0, 10.0)	(25.0, 69.0)	(26.0, 100.0)	(27.0, 144.0)	(28.0, 204.0)	(29.0, 243.0)	(30.0, 363.0)	(31.0, 484.0)	(32.0, 602.0)	(33.0, 862.0)	(34.0, 1433.0)	(35.0, 3923.0)	(36.0, 63571.0)	(37.0, 21433.0)													
SRR16013056_2.fastq.gz	(12.0, 3.0)	(13.0, 71.0)	(14.0, 341.0)	(15.0, 716.0)	(16.0, 747.0)	(17.0, 538.0)	(18.0, 456.0)	(19.0, 460.0)	(20.0, 473.0)	(21.0, 519.0)	(22.0, 775.0)	(23.0, 877.0)	(24.0, 831.0)	(25.0, 677.0)	(26.0, 543.0)	(27.0, 453.0)	(28.0, 465.0)	(29.0, 504.0)	(30.0, 684.0)	(31.0, 1107.0)	(32.0, 1604.0)	(33.0, 2623.0)	(34.0, 5509.0)	(35.0, 15259.0)	(36.0, 60968.0)	(37.0, 2797.0)	
SRR16013056_2.trimmed.fastq.gz	(21.0, 3.0)	(22.0, 4.0)	(23.0, 68.0)	(24.0, 461.0)	(25.0, 635.0)	(26.0, 511.0)	(27.0, 397.0)	(28.0, 391.0)	(29.0, 434.0)	(30.0, 468.0)	(31.0, 526.0)	(32.0, 725.0)	(33.0, 1234.0)	(34.0, 2681.0)	(35.0, 11671.0)	(36.0, 66655.0)	(37.0, 6577.0)										
SRR16013070_1.fastq.gz	(18.0, 1.0)	(19.0, 6.0)	(20.0, 7.0)	(21.0, 18.0)	(22.0, 38.0)	(23.0, 30.0)	(24.0, 60.0)	(25.0, 76.0)	(26.0, 112.0)	(27.0, 189.0)	(28.0, 310.0)	(29.0, 342.0)	(30.0, 422.0)	(31.0, 638.0)	(32.0, 798.0)	(33.0, 1093.0)	(34.0, 1871.0)	(35.0, 5746.0)	(36.0, 72828.0)	(37.0, 15415.0)							
SRR16013070_1.trimmed.fastq.gz	(23.0, 2.0)	(24.0, 17.0)	(25.0, 49.0)	(26.0, 88.0)	(27.0, 132.0)	(28.0, 264.0)	(29.0, 294.0)	(30.0, 370.0)	(31.0, 549.0)	(32.0, 668.0)	(33.0, 947.0)	(34.0, 1512.0)	(35.0, 3845.0)	(36.0, 61827.0)	(37.0, 20535.0)												
SRR16013070_2.fastq.gz	(12.0, 2.0)	(13.0, 91.0)	(14.0, 501.0)	(15.0, 945.0)	(16.0, 988.0)	(17.0, 775.0)	(18.0, 629.0)	(19.0, 634.0)	(20.0, 615.0)	(21.0, 804.0)	(22.0, 1078.0)	(23.0, 1193.0)	(24.0, 1059.0)	(25.0, 858.0)	(26.0, 628.0)	(27.0, 547.0)	(28.0, 575.0)	(29.0, 583.0)	(30.0, 731.0)	(31.0, 1317.0)	(32.0, 1835.0)	(33.0, 2898.0)	(34.0, 6064.0)	(35.0, 14421.0)	(36.0, 57675.0)	(37.0, 2554.0)	
SRR16013070_2.trimmed.fastq.gz	(21.0, 1.0)	(22.0, 11.0)	(23.0, 82.0)	(24.0, 619.0)	(25.0, 792.0)	(26.0, 606.0)	(27.0, 505.0)	(28.0, 481.0)	(29.0, 505.0)	(30.0, 537.0)	(31.0, 648.0)	(32.0, 794.0)	(33.0, 1162.0)	(34.0, 2552.0)	(35.0, 10783.0)	(36.0, 64755.0)	(37.0, 6266.0)										
SRR16013072_1.fastq.gz	(16.0, 2.0)	(17.0, 0.0)	(18.0, 3.0)	(19.0, 6.0)	(20.0, 15.0)	(21.0, 23.0)	(22.0, 32.0)	(23.0, 46.0)	(24.0, 83.0)	(25.0, 88.0)	(26.0, 125.0)	(27.0, 182.0)	(28.0, 249.0)	(29.0, 374.0)	(30.0, 446.0)	(31.0, 581.0)	(32.0, 765.0)	(33.0, 1015.0)	(34.0, 2080.0)	(35.0, 6218.0)	(36.0, 72796.0)	(37.0, 14871.0)					
SRR16013072_1.trimmed.fastq.gz	(24.0, 17.0)	(25.0, 60.0)	(26.0, 89.0)	(27.0, 145.0)	(28.0, 193.0)	(29.0, 317.0)	(30.0, 381.0)	(31.0, 501.0)	(32.0, 648.0)	(33.0, 853.0)	(34.0, 1374.0)	(35.0, 3802.0)	(36.0, 62390.0)	(37.0, 21175.0)													
SRR16013072_2.fastq.gz	(12.0, 4.0)	(13.0, 89.0)	(14.0, 468.0)	(15.0, 931.0)	(16.0, 909.0)	(17.0, 655.0)	(18.0, 513.0)	(19.0, 479.0)	(20.0, 530.0)	(21.0, 709.0)	(22.0, 970.0)	(23.0, 1069.0)	(24.0, 1075.0)	(25.0, 862.0)	(26.0, 621.0)	(27.0, 558.0)	(28.0, 564.0)	(29.0, 575.0)	(30.0, 643.0)	(31.0, 943.0)	(32.0, 2004.0)	(33.0, 2716.0)	(34.0, 5301.0)	(35.0, 14213.0)	(36.0, 59701.0)	(37.0, 2898.0)	
SRR16013072_2.trimmed.fastq.gz	(21.0, 1.0)	(22.0, 10.0)	(23.0, 87.0)	(24.0, 571.0)	(25.0, 803.0)	(26.0, 573.0)	(27.0, 495.0)	(28.0, 501.0)	(29.0, 498.0)	(30.0, 533.0)	(31.0, 565.0)	(32.0, 724.0)	(33.0, 1159.0)	(34.0, 2511.0)	(35.0, 10165.0)	(36.0, 65235.0)	(37.0, 7514.0)										
SRR16013073_1.fastq.gz	(18.0, 3.0)	(19.0, 10.0)	(20.0, 13.0)	(21.0, 23.0)	(22.0, 45.0)	(23.0, 59.0)	(24.0, 105.0)	(25.0, 202.0)	(26.0, 219.0)	(27.0, 397.0)	(28.0, 532.0)	(29.0, 647.0)	(30.0, 884.0)	(31.0, 1148.0)	(32.0, 1399.0)	(33.0, 2109.0)	(34.0, 4354.0)	(35.0, 8489.0)	(36.0, 67139.0)	(37.0, 12223.0)							
SRR16013073_1.trimmed.fastq.gz	(23.0, 4.0)	(24.0, 34.0)	(25.0, 120.0)	(26.0, 176.0)	(27.0, 274.0)	(28.0, 404.0)	(29.0, 545.0)	(30.0, 703.0)	(31.0, 916.0)	(32.0, 1097.0)	(33.0, 1508.0)	(34.0, 2397.0)	(35.0, 5447.0)	(36.0, 58918.0)	(37.0, 18202.0)												
SRR16013073_2.fastq.gz	(11.0, 2.0)	(12.0, 188.0)	(13.0, 864.0)	(14.0, 1240.0)	(15.0, 969.0)	(16.0, 701.0)	(17.0, 487.0)	(18.0, 442.0)	(19.0, 505.0)	(20.0, 635.0)	(21.0, 797.0)	(22.0, 888.0)	(23.0, 779.0)	(24.0, 711.0)	(25.0, 572.0)	(26.0, 526.0)	(27.0, 490.0)	(28.0, 506.0)	(29.0, 558.0)	(30.0, 680.0)	(31.0, 1218.0)	(32.0, 2203.0)	(33.0, 3010.0)	(34.0, 6271.0)	(35.0, 10836.0)	(36.0, 54753.0)	(37.0, 9169.0)
SRR16013073_2.trimmed.fastq.gz	(20.0, 1.0)	(21.0, 6.0)	(22.0, 22.0)	(23.0, 61.0)	(24.0, 344.0)	(25.0, 491.0)	(26.0, 480.0)	(27.0, 433.0)	(28.0, 431.0)	(29.0, 436.0)	(30.0, 456.0)	(31.0, 537.0)	(32.0, 704.0)	(33.0, 1021.0)	(34.0, 1793.0)	(35.0, 5764.0)	(36.0, 59763.0)	(37.0, 18002.0)									
SRR16013074_1.fastq.gz	(17.0, 3.0)	(18.0, 5.0)	(19.0, 1.0)	(20.0, 10.0)	(21.0, 18.0)	(22.0, 23.0)	(23.0, 34.0)	(24.0, 70.0)	(25.0, 72.0)	(26.0, 113.0)	(27.0, 136.0)	(28.0, 203.0)	(29.0, 298.0)	(30.0, 410.0)	(31.0, 557.0)	(32.0, 753.0)	(33.0, 1226.0)	(34.0, 2318.0)	(35.0, 6838.0)	(36.0, 70110.0)	(37.0, 16802.0)						
SRR16013074_1.trimmed.fastq.gz	(24.0, 18.0)	(25.0, 49.0)	(26.0, 90.0)	(27.0, 115.0)	(28.0, 145.0)	(29.0, 255.0)	(30.0, 353.0)	(31.0, 447.0)	(32.0, 654.0)	(33.0, 961.0)	(34.0, 1661.0)	(35.0, 3987.0)	(36.0, 57050.0)	(37.0, 24855.0)													
SRR16013074_2.fastq.gz	(11.0, 4.0)	(12.0, 216.0)	(13.0, 811.0)	(14.0, 985.0)	(15.0, 841.0)	(16.0, 764.0)	(17.0, 583.0)	(18.0, 607.0)	(19.0, 625.0)	(20.0, 722.0)	(21.0, 770.0)	(22.0, 863.0)	(23.0, 766.0)	(24.0, 645.0)	(25.0, 487.0)	(26.0, 495.0)	(27.0, 468.0)	(28.0, 414.0)	(29.0, 467.0)	(30.0, 574.0)	(31.0, 921.0)	(32.0, 2143.0)	(33.0, 3364.0)	(34.0, 6610.0)	(35.0, 13423.0)	(36.0, 56152.0)	(37.0, 5280.0)
SRR16013074_2.trimmed.fastq.gz	(21.0, 5.0)	(22.0, 12.0)	(23.0, 66.0)	(24.0, 362.0)	(25.0, 451.0)	(26.0, 441.0)	(27.0, 403.0)	(28.0, 361.0)	(29.0, 376.0)	(30.0, 433.0)	(31.0, 518.0)	(32.0, 689.0)	(33.0, 1159.0)	(34.0, 2227.0)	(35.0, 8241.0)	(36.0, 61973.0)	(37.0, 12923.0)										
SRR16013082_1.fastq.gz	(17.0, 1.0)	(18.0, 2.0)	(19.0, 2.0)	(20.0, 6.0)	(21.0, 14.0)	(22.0, 25.0)	(23.0, 33.0)	(24.0, 59.0)	(25.0, 80.0)	(26.0, 126.0)	(27.0, 186.0)	(28.0, 275.0)	(29.0, 357.0)	(30.0, 438.0)	(31.0, 593.0)	(32.0, 1017.0)	(33.0, 2307.0)	(34.0, 3262.0)	(35.0, 7485.0)	(36.0, 69037.0)	(37.0, 14695.0)						
SRR16013082_1.trimmed.fastq.gz	(23.0, 2.0)	(24.0, 13.0)	(25.0, 49.0)	(26.0, 97.0)	(27.0, 144.0)	(28.0, 237.0)	(29.0, 273.0)	(30.0, 366.0)	(31.0, 481.0)	(32.0, 667.0)	(33.0, 884.0)	(34.0, 1470.0)	(35.0, 4129.0)	(36.0, 64672.0)	(37.0, 19721.0)												
SRR16013082_2.fastq.gz	(12.0, 7.0)	(13.0, 95.0)	(14.0, 473.0)	(15.0, 791.0)	(16.0, 782.0)	(17.0, 595.0)	(18.0, 444.0)	(19.0, 384.0)	(20.0, 408.0)	(21.0, 578.0)	(22.0, 781.0)	(23.0, 919.0)	(24.0, 858.0)	(25.0, 630.0)	(26.0, 557.0)	(27.0, 502.0)	(28.0, 518.0)	(29.0, 483.0)	(30.0, 589.0)	(31.0, 771.0)	(32.0, 1361.0)	(33.0, 2490.0)	(34.0, 5161.0)	(35.0, 16925.0)	(36.0, 60043.0)	(37.0, 2855.0)	
SRR16013082_2.trimmed.fastq.gz	(21.0, 2.0)	(22.0, 4.0)	(23.0, 79.0)	(24.0, 500.0)	(25.0, 598.0)	(26.0, 509.0)	(27.0, 456.0)	(28.0, 477.0)	(29.0, 413.0)	(30.0, 514.0)	(31.0, 622.0)	(32.0, 860.0)	(33.0, 1403.0)	(34.0, 3120.0)	(35.0, 13535.0)	(36.0, 64240.0)	(37.0, 5873.0)										
SRR16013083_1.fastq.gz	(16.0, 2.0)	(17.0, 1.0)	(18.0, 1.0)	(19.0, 4.0)	(20.0, 5.0)	(21.0, 14.0)	(22.0, 35.0)	(23.0, 37.0)	(24.0, 50.0)	(25.0, 99.0)	(26.0, 105.0)	(27.0, 178.0)	(28.0, 260.0)	(29.0, 401.0)	(30.0, 525.0)	(31.0, 785.0)	(32.0, 1349.0)	(33.0, 2989.0)	(34.0, 4054.0)	(35.0, 7757.0)	(36.0, 65067.0)	(37.0, 16282.0)					
SRR16013083_1.trimmed.fastq.gz	(23.0, 1.0)	(24.0, 10.0)	(25.0, 60.0)	(26.0, 68.0)	(27.0, 121.0)	(28.0, 212.0)	(29.0, 282.0)	(30.0, 415.0)	(31.0, 592.0)	(32.0, 798.0)	(33.0, 1089.0)	(34.0, 1793.0)	(35.0, 4388.0)	(36.0, 59321.0)	(37.0, 22932.0)												
SRR16013083_2.fastq.gz	(11.0, 9.0)	(12.0, 160.0)	(13.0, 539.0)	(14.0, 706.0)	(15.0, 645.0)	(16.0, 584.0)	(17.0, 507.0)	(18.0, 499.0)	(19.0, 536.0)	(20.0, 700.0)	(21.0, 736.0)	(22.0, 769.0)	(23.0, 735.0)	(24.0, 616.0)	(25.0, 554.0)	(26.0, 474.0)	(27.0, 509.0)	(28.0, 490.0)	(29.0, 583.0)	(30.0, 685.0)	(31.0, 1100.0)	(32.0, 1950.0)	(33.0, 3212.0)	(34.0, 6096.0)	(35.0, 15823.0)	(36.0, 55981.0)	(37.0, 4802.0)
SRR16013083_2.trimmed.fastq.gz	(20.0, 1.0)	(21.0, 1.0)	(22.0, 13.0)	(23.0, 75.0)	(24.0, 303.0)	(25.0, 485.0)	(26.0, 432.0)	(27.0, 432.0)	(28.0, 414.0)	(29.0, 475.0)	(30.0, 528.0)	(31.0, 686.0)	(32.0, 884.0)	(33.0, 1490.0)	(34.0, 3225.0)	(35.0, 11828.0)	(36.0, 61050.0)	(37.0, 9760.0)									
SRR16013084_1.fastq.gz	(17.0, 1.0)	(18.0, 1.0)	(19.0, 8.0)	(20.0, 4.0)	(21.0, 14.0)	(22.0, 36.0)	(23.0, 56.0)	(24.0, 96.0)	(25.0, 152.0)	(26.0, 243.0)	(27.0, 359.0)	(28.0, 516.0)	(29.0, 673.0)	(30.0, 806.0)	(31.0, 1191.0)	(32.0, 2572.0)	(33.0, 3020.0)	(34.0, 4457.0)	(35.0, 8801.0)	(36.0, 64607.0)	(37.0, 12387.0)						
SRR16013084_1.trimmed.fastq.gz	(23.0, 2.0)	(24.0, 17.0)	(25.0, 106.0)	(26.0, 154.0)	(27.0, 259.0)	(28.0, 386.0)	(29.0, 505.0)	(30.0, 660.0)	(31.0, 903.0)	(32.0, 1113.0)	(33.0, 1546.0)	(34.0, 2357.0)	(35.0, 5697.0)	(36.0, 61100.0)	(37.0, 17292.0)												
SRR16013084_2.fastq.gz	(11.0, 4.0)	(12.0, 194.0)	(13.0, 747.0)	(14.0, 964.0)	(15.0, 794.0)	(16.0, 591.0)	(17.0, 466.0)	(18.0, 463.0)	(19.0, 450.0)	(20.0, 524.0)	(21.0, 646.0)	(22.0, 695.0)	(23.0, 732.0)	(24.0, 591.0)	(25.0, 548.0)	(26.0, 486.0)	(27.0, 440.0)	(28.0, 542.0)	(29.0, 596.0)	(30.0, 734.0)	(31.0, 1248.0)	(32.0, 2023.0)	(33.0, 3115.0)	(34.0, 5693.0)	(35.0, 13059.0)	(36.0, 56557.0)	(37.0, 7098.0)
SRR16013084_2.trimmed.fastq.gz	(20.0, 1.0)	(21.0, 5.0)	(22.0, 11.0)	(23.0, 50.0)	(24.0, 287.0)	(25.0, 474.0)	(26.0, 443.0)	(27.0, 382.0)	(28.0, 429.0)	(29.0, 477.0)	(30.0, 519.0)	(31.0, 641.0)	(32.0, 809.0)	(33.0, 1322.0)	(34.0, 2475.0)	(35.0, 8618.0)	(36.0, 62478.0)	(37.0, 12676.0)									
SRR16013090_1.fastq.gz	(17.0, 1.0)	(18.0, 0.0)	(19.0, 2.0)	(20.0, 10.0)	(21.0, 17.0)	(22.0, 27.0)	(23.0, 50.0)	(24.0, 80.0)	(25.0, 96.0)	(26.0, 147.0)	(27.0, 222.0)	(28.0, 273.0)	(29.0, 400.0)	(30.0, 555.0)	(31.0, 670.0)	(32.0, 867.0)	(33.0, 1155.0)	(34.0, 1934.0)	(35.0, 6188.0)	(36.0, 72209.0)	(37.0, 15097.0)						
SRR16013090_1.trimmed.fastq.gz	(21.0, 1.0)	(22.0, 0.0)	(23.0, 0.0)	(24.0, 31.0)	(25.0, 52.0)	(26.0, 111.0)	(27.0, 174.0)	(28.0, 232.0)	(29.0, 323.0)	(30.0, 444.0)	(31.0, 539.0)	(32.0, 693.0)	(33.0, 952.0)	(34.0, 1442.0)	(35.0, 3619.0)	(36.0, 57510.0)	(37.0, 20456.0)										
SRR16013090_2.fastq.gz	(12.0, 4.0)	(13.0, 142.0)	(14.0, 761.0)	(15.0, 1575.0)	(16.0, 1473.0)	(17.0, 1111.0)	(18.0, 898.0)	(19.0, 851.0)	(20.0, 971.0)	(21.0, 1185.0)	(22.0, 1587.0)	(23.0, 1700.0)	(24.0, 1518.0)	(25.0, 1177.0)	(26.0, 876.0)	(27.0, 802.0)	(28.0, 686.0)	(29.0, 689.0)	(30.0, 702.0)	(31.0, 993.0)	(32.0, 1865.0)	(33.0, 2495.0)	(34.0, 4896.0)	(35.0, 13483.0)	(36.0, 54946.0)	(37.0, 2614.0)	
SRR16013090_2.trimmed.fastq.gz	(20.0, 1.0)	(21.0, 2.0)	(22.0, 15.0)	(23.0, 141.0)	(24.0, 833.0)	(25.0, 1102.0)	(26.0, 834.0)	(27.0, 707.0)	(28.0, 604.0)	(29.0, 622.0)	(30.0, 576.0)	(31.0, 635.0)	(32.0, 750.0)	(33.0, 1039.0)	(34.0, 2151.0)	(35.0, 9115.0)	(36.0, 60514.0)	(37.0, 6938.0)									
