Sample	0	1	2	3	4	5	6	7	8	9	10	11	12	13	14	15	16	17	18	19	20	21	22	23	24	25	26	27	28	29	30	31	32	33	34	35	36	37	38	39	40	41	42	43	44	45	46	47	48	49	50	51	52	53	54	55	56	57	58	59	60	61	62	63	64	65	66	67	68	69	70	71	72	73	74	75	76	77	78	79	80	81	82	83	84	85	86	87	88	89	90	91	92	93	94	95	96	97	98	99	100	101	102	103	104	105	106	107	108	109	110	111	112	113	114	115	116	117	118	119	120	121	122	123	124	125	126	127	128	129	130	131	132	133	134	135	136	137	138	139	140	141	142	143	144	145	146	147	148	149
SRR16013048_1.fastq.gz_SRR16013048_2.fastq.gz	(1, 0.0)	(2, 0.165)	(3, 0.0)	(4, 0.0)	(5, 0.0)	(6, 0.003)	(7, 0.0)	(8, 0.0)	(9, 0.0)	(10, 0.0)	(11, 0.0)	(12, 0.0)	(13, 0.0)	(14, 0.0)	(15, 0.0)	(16, 0.0)	(17, 0.0)	(18, 0.0)	(19, 0.0)	(20, 0.0)	(21, 0.0)	(22, 0.0)	(23, 0.0)	(24, 0.0)	(25, 0.0)	(26, 0.0)	(27, 0.0)	(28, 0.0)	(29, 0.0)	(30, 0.0)	(31, 0.0)	(32, 0.0)	(33, 0.0)	(34, 0.0)	(35, 0.0)	(36, 0.0)	(37, 0.0)	(38, 0.0)	(39, 0.0)	(40, 0.0)	(41, 0.0)	(42, 0.0)	(43, 0.0)	(44, 0.0)	(45, 0.0)	(46, 0.0)	(47, 0.0)	(48, 0.0)	(49, 0.0)	(50, 0.0)	(51, 0.0)	(52, 0.0)	(53, 0.0)	(54, 0.0)	(55, 0.0)	(56, 0.0)	(57, 0.0)	(58, 0.0)	(59, 0.0)	(60, 0.0)	(61, 0.002)	(62, 0.0)	(63, 0.0)	(64, 0.0)	(65, 0.003)	(66, 0.0)	(67, 0.003)	(68, 0.0)	(69, 0.006)	(70, 0.0)	(71, 0.001)	(72, 0.0)	(73, 0.003)	(74, 0.006999999999999999)	(75, 0.005)	(76, 0.01)	(77, 0.005)	(78, 0.006999999999999999)	(79, 0.01)	(80, 0.01)	(81, 0.006)	(82, 0.01)	(83, 0.009000000000000001)	(84, 0.013999999999999999)	(85, 0.013999999999999999)	(86, 0.006999999999999999)	(87, 0.009000000000000001)	(88, 0.013)	(89, 0.006)	(90, 0.006)	(91, 0.001)	(92, 0.003)	(93, 0.003)	(94, 0.002)	(95, 0.005)	(96, 0.0)	(97, 0.0)	(98, 0.001)	(99, 0.004)	(100, 0.004)	(101, 0.004)	(102, 0.003)	(103, 0.006)	(104, 0.001)	(105, 0.003)	(106, 0.005)	(107, 0.003)	(108, 0.003)	(109, 0.003)	(110, 0.001)	(111, 0.003)	(112, 0.001)	(113, 0.0)	(114, 0.001)	(115, 0.003)	(116, 0.0)	(117, 0.0)	(118, 0.0)	(119, 0.0)	(120, 0.0)	(121, 0.0)	(122, 0.0)	(123, 0.0)	(124, 0.0)	(125, 0.0)	(126, 0.0)	(127, 0.0)	(128, 0.0)	(129, 0.0)	(130, 0.0)	(131, 0.0)	(132, 0.0)	(133, 0.0)	(134, 0.0)	(135, 0.0)	(136, 0.0)	(137, 0.0)	(138, 0.0)	(139, 0.0)	(140, 0.0)	(141, 0.0)	(142, 0.0)	(143, 0.0)	(144, 0.0)	(145, 0.0)	(146, 0.0)	(147, 0.0)	(148, 0.0)	(149, 0.0)	(150, 0.0)
SRR16013050_1.fastq.gz_SRR16013050_2.fastq.gz	(1, 0.0)	(2, 0.169)	(3, 0.0)	(4, 0.0)	(5, 0.0)	(6, 0.003)	(7, 0.0)	(8, 0.0)	(9, 0.0)	(10, 0.0)	(11, 0.0)	(12, 0.0)	(13, 0.0)	(14, 0.0)	(15, 0.0)	(16, 0.0)	(17, 0.0)	(18, 0.0)	(19, 0.0)	(20, 0.0)	(21, 0.0)	(22, 0.0)	(23, 0.0)	(24, 0.0)	(25, 0.0)	(26, 0.0)	(27, 0.0)	(28, 0.0)	(29, 0.0)	(30, 0.0)	(31, 0.0)	(32, 0.0)	(33, 0.0)	(34, 0.0)	(35, 0.0)	(36, 0.0)	(37, 0.0)	(38, 0.0)	(39, 0.0)	(40, 0.0)	(41, 0.0)	(42, 0.0)	(43, 0.0)	(44, 0.0)	(45, 0.0)	(46, 0.0)	(47, 0.0)	(48, 0.0)	(49, 0.0)	(50, 0.0)	(51, 0.0)	(52, 0.0)	(53, 0.0)	(54, 0.0)	(55, 0.0)	(56, 0.0)	(57, 0.0)	(58, 0.0)	(59, 0.0)	(60, 0.0)	(61, 0.003)	(62, 0.0)	(63, 0.0)	(64, 0.0)	(65, 0.005)	(66, 0.0)	(67, 0.003)	(68, 0.0)	(69, 0.013999999999999999)	(70, 0.0)	(71, 0.001)	(72, 0.0)	(73, 0.004)	(74, 0.017)	(75, 0.012)	(76, 0.019)	(77, 0.008)	(78, 0.016)	(79, 0.021)	(80, 0.019)	(81, 0.01)	(82, 0.019)	(83, 0.021)	(84, 0.027999999999999997)	(85, 0.026)	(86, 0.016)	(87, 0.016)	(88, 0.024)	(89, 0.011000000000000001)	(90, 0.013999999999999999)	(91, 0.001)	(92, 0.003)	(93, 0.003)	(94, 0.001)	(95, 0.008)	(96, 0.0)	(97, 0.0)	(98, 0.003)	(99, 0.006999999999999999)	(100, 0.006999999999999999)	(101, 0.005)	(102, 0.003)	(103, 0.009000000000000001)	(104, 0.001)	(105, 0.003)	(106, 0.006999999999999999)	(107, 0.003)	(108, 0.003)	(109, 0.003)	(110, 0.003)	(111, 0.003)	(112, 0.001)	(113, 0.0)	(114, 0.001)	(115, 0.003)	(116, 0.0)	(117, 0.0)	(118, 0.0)	(119, 0.0)	(120, 0.0)	(121, 0.0)	(122, 0.0)	(123, 0.0)	(124, 0.0)	(125, 0.0)	(126, 0.0)	(127, 0.0)	(128, 0.0)	(129, 0.0)	(130, 0.0)	(131, 0.0)	(132, 0.0)	(133, 0.0)	(134, 0.0)	(135, 0.0)	(136, 0.0)	(137, 0.0)	(138, 0.0)	(139, 0.0)	(140, 0.0)	(141, 0.0)	(142, 0.0)	(143, 0.0)	(144, 0.0)	(145, 0.0)	(146, 0.0)	(147, 0.0)	(148, 0.0)	(149, 0.0)	(150, 0.0)
SRR16013054_1.fastq.gz_SRR16013054_2.fastq.gz	(1, 0.0)	(2, 0.161)	(3, 0.0)	(4, 0.0)	(5, 0.0)	(6, 0.001)	(7, 0.0)	(8, 0.0)	(9, 0.0)	(10, 0.0)	(11, 0.0)	(12, 0.0)	(13, 0.0)	(14, 0.0)	(15, 0.0)	(16, 0.0)	(17, 0.0)	(18, 0.0)	(19, 0.0)	(20, 0.0)	(21, 0.0)	(22, 0.0)	(23, 0.0)	(24, 0.0)	(25, 0.0)	(26, 0.0)	(27, 0.0)	(28, 0.0)	(29, 0.0)	(30, 0.0)	(31, 0.0)	(32, 0.0)	(33, 0.0)	(34, 0.0)	(35, 0.0)	(36, 0.0)	(37, 0.0)	(38, 0.0)	(39, 0.0)	(40, 0.0)	(41, 0.0)	(42, 0.0)	(43, 0.0)	(44, 0.0)	(45, 0.0)	(46, 0.0)	(47, 0.0)	(48, 0.0)	(49, 0.0)	(50, 0.0)	(51, 0.0)	(52, 0.0)	(53, 0.0)	(54, 0.0)	(55, 0.0)	(56, 0.0)	(57, 0.0)	(58, 0.0)	(59, 0.0)	(60, 0.0)	(61, 0.002)	(62, 0.0)	(63, 0.0)	(64, 0.0)	(65, 0.006999999999999999)	(66, 0.0)	(67, 0.005)	(68, 0.0)	(69, 0.012)	(70, 0.0)	(71, 0.001)	(72, 0.0)	(73, 0.004)	(74, 0.013)	(75, 0.011000000000000001)	(76, 0.013)	(77, 0.011000000000000001)	(78, 0.013)	(79, 0.013)	(80, 0.013)	(81, 0.012)	(82, 0.013)	(83, 0.013)	(84, 0.021)	(85, 0.017)	(86, 0.013)	(87, 0.013)	(88, 0.013999999999999999)	(89, 0.012)	(90, 0.013)	(91, 0.002)	(92, 0.003)	(93, 0.004)	(94, 0.001)	(95, 0.009000000000000001)	(96, 0.0)	(97, 0.0)	(98, 0.002)	(99, 0.006999999999999999)	(100, 0.006999999999999999)	(101, 0.006999999999999999)	(102, 0.005)	(103, 0.012)	(104, 0.001)	(105, 0.004)	(106, 0.009000000000000001)	(107, 0.005)	(108, 0.005)	(109, 0.003)	(110, 0.001)	(111, 0.003)	(112, 0.001)	(113, 0.0)	(114, 0.001)	(115, 0.003)	(116, 0.0)	(117, 0.0)	(118, 0.0)	(119, 0.0)	(120, 0.0)	(121, 0.0)	(122, 0.0)	(123, 0.0)	(124, 0.0)	(125, 0.0)	(126, 0.0)	(127, 0.0)	(128, 0.0)	(129, 0.0)	(130, 0.0)	(131, 0.0)	(132, 0.0)	(133, 0.0)	(134, 0.0)	(135, 0.0)	(136, 0.0)	(137, 0.0)	(138, 0.0)	(139, 0.001)	(140, 0.0)	(141, 0.0)	(142, 0.0)	(143, 0.0)	(144, 0.0)	(145, 0.0)	(146, 0.0)	(147, 0.0)	(148, 0.0)	(149, 0.0)	(150, 0.0)
SRR16013056_1.fastq.gz_SRR16013056_2.fastq.gz	(1, 0.0)	(2, 0.136)	(3, 0.0)	(4, 0.0)	(5, 0.0)	(6, 0.0)	(7, 0.0)	(8, 0.0)	(9, 0.0)	(10, 0.0)	(11, 0.0)	(12, 0.0)	(13, 0.0)	(14, 0.0)	(15, 0.0)	(16, 0.0)	(17, 0.0)	(18, 0.0)	(19, 0.0)	(20, 0.0)	(21, 0.0)	(22, 0.0)	(23, 0.0)	(24, 0.0)	(25, 0.0)	(26, 0.0)	(27, 0.0)	(28, 0.0)	(29, 0.0)	(30, 0.0)	(31, 0.0)	(32, 0.0)	(33, 0.0)	(34, 0.0)	(35, 0.0)	(36, 0.0)	(37, 0.0)	(38, 0.0)	(39, 0.0)	(40, 0.0)	(41, 0.0)	(42, 0.0)	(43, 0.0)	(44, 0.0)	(45, 0.0)	(46, 0.0)	(47, 0.0)	(48, 0.0)	(49, 0.0)	(50, 0.0)	(51, 0.0)	(52, 0.0)	(53, 0.0)	(54, 0.0)	(55, 0.0)	(56, 0.0)	(57, 0.0)	(58, 0.0)	(59, 0.0)	(60, 0.0)	(61, 0.001)	(62, 0.0)	(63, 0.0)	(64, 0.0)	(65, 0.002)	(66, 0.0)	(67, 0.001)	(68, 0.0)	(69, 0.009000000000000001)	(70, 0.0)	(71, 0.001)	(72, 0.0)	(73, 0.001)	(74, 0.011000000000000001)	(75, 0.006)	(76, 0.013)	(77, 0.006)	(78, 0.011000000000000001)	(79, 0.013999999999999999)	(80, 0.013)	(81, 0.006)	(82, 0.012)	(83, 0.012)	(84, 0.019)	(85, 0.017)	(86, 0.01)	(87, 0.012)	(88, 0.017)	(89, 0.006999999999999999)	(90, 0.01)	(91, 0.001)	(92, 0.001)	(93, 0.001)	(94, 0.001)	(95, 0.005)	(96, 0.0)	(97, 0.0)	(98, 0.001)	(99, 0.004)	(100, 0.004)	(101, 0.003)	(102, 0.001)	(103, 0.006)	(104, 0.001)	(105, 0.001)	(106, 0.004)	(107, 0.001)	(108, 0.001)	(109, 0.001)	(110, 0.001)	(111, 0.001)	(112, 0.001)	(113, 0.0)	(114, 0.0)	(115, 0.001)	(116, 0.0)	(117, 0.0)	(118, 0.0)	(119, 0.0)	(120, 0.0)	(121, 0.0)	(122, 0.0)	(123, 0.0)	(124, 0.0)	(125, 0.0)	(126, 0.0)	(127, 0.0)	(128, 0.0)	(129, 0.0)	(130, 0.0)	(131, 0.0)	(132, 0.0)	(133, 0.0)	(134, 0.0)	(135, 0.0)	(136, 0.0)	(137, 0.0)	(138, 0.0)	(139, 0.0)	(140, 0.0)	(141, 0.0)	(142, 0.0)	(143, 0.0)	(144, 0.0)	(145, 0.0)	(146, 0.0)	(147, 0.0)	(148, 0.0)	(149, 0.0)	(150, 0.0)
SRR16013070_1.fastq.gz_SRR16013070_2.fastq.gz	(1, 0.0)	(2, 0.181)	(3, 0.0)	(4, 0.0)	(5, 0.0)	(6, 0.003)	(7, 0.0)	(8, 0.0)	(9, 0.0)	(10, 0.0)	(11, 0.0)	(12, 0.0)	(13, 0.0)	(14, 0.0)	(15, 0.0)	(16, 0.0)	(17, 0.0)	(18, 0.0)	(19, 0.0)	(20, 0.0)	(21, 0.0)	(22, 0.0)	(23, 0.0)	(24, 0.0)	(25, 0.0)	(26, 0.0)	(27, 0.0)	(28, 0.0)	(29, 0.0)	(30, 0.0)	(31, 0.0)	(32, 0.0)	(33, 0.0)	(34, 0.0)	(35, 0.0)	(36, 0.0)	(37, 0.0)	(38, 0.0)	(39, 0.0)	(40, 0.0)	(41, 0.0)	(42, 0.0)	(43, 0.0)	(44, 0.0)	(45, 0.0)	(46, 0.0)	(47, 0.0)	(48, 0.0)	(49, 0.0)	(50, 0.0)	(51, 0.0)	(52, 0.0)	(53, 0.0)	(54, 0.0)	(55, 0.0)	(56, 0.0)	(57, 0.0)	(58, 0.0)	(59, 0.0)	(60, 0.0)	(61, 0.002)	(62, 0.0)	(63, 0.0)	(64, 0.0)	(65, 0.004)	(66, 0.0)	(67, 0.003)	(68, 0.0)	(69, 0.006999999999999999)	(70, 0.0)	(71, 0.001)	(72, 0.0)	(73, 0.003)	(74, 0.006999999999999999)	(75, 0.004)	(76, 0.008)	(77, 0.004)	(78, 0.006999999999999999)	(79, 0.009000000000000001)	(80, 0.009000000000000001)	(81, 0.005)	(82, 0.009000000000000001)	(83, 0.008)	(84, 0.013)	(85, 0.012)	(86, 0.008)	(87, 0.008)	(88, 0.01)	(89, 0.006)	(90, 0.006)	(91, 0.001)	(92, 0.003)	(93, 0.003)	(94, 0.001)	(95, 0.004)	(96, 0.0)	(97, 0.0)	(98, 0.001)	(99, 0.004)	(100, 0.004)	(101, 0.004)	(102, 0.003)	(103, 0.004)	(104, 0.001)	(105, 0.003)	(106, 0.004)	(107, 0.004)	(108, 0.004)	(109, 0.003)	(110, 0.002)	(111, 0.003)	(112, 0.001)	(113, 0.0)	(114, 0.001)	(115, 0.003)	(116, 0.0)	(117, 0.0)	(118, 0.0)	(119, 0.0)	(120, 0.0)	(121, 0.0)	(122, 0.0)	(123, 0.0)	(124, 0.0)	(125, 0.0)	(126, 0.0)	(127, 0.0)	(128, 0.0)	(129, 0.0)	(130, 0.0)	(131, 0.0)	(132, 0.0)	(133, 0.0)	(134, 0.0)	(135, 0.0)	(136, 0.0)	(137, 0.0)	(138, 0.0)	(139, 0.001)	(140, 0.0)	(141, 0.0)	(142, 0.0)	(143, 0.0)	(144, 0.0)	(145, 0.0)	(146, 0.0)	(147, 0.0)	(148, 0.0)	(149, 0.0)	(150, 0.0)
SRR16013072_1.fastq.gz_SRR16013072_2.fastq.gz	(1, 0.0)	(2, 0.09)	(3, 0.0)	(4, 0.0)	(5, 0.0)	(6, 0.001)	(7, 0.0)	(8, 0.0)	(9, 0.0)	(10, 0.0)	(11, 0.0)	(12, 0.0)	(13, 0.0)	(14, 0.0)	(15, 0.0)	(16, 0.0)	(17, 0.0)	(18, 0.0)	(19, 0.0)	(20, 0.0)	(21, 0.0)	(22, 0.0)	(23, 0.0)	(24, 0.0)	(25, 0.0)	(26, 0.0)	(27, 0.0)	(28, 0.0)	(29, 0.0)	(30, 0.0)	(31, 0.0)	(32, 0.0)	(33, 0.0)	(34, 0.0)	(35, 0.0)	(36, 0.0)	(37, 0.0)	(38, 0.0)	(39, 0.0)	(40, 0.0)	(41, 0.0)	(42, 0.0)	(43, 0.0)	(44, 0.0)	(45, 0.0)	(46, 0.0)	(47, 0.0)	(48, 0.0)	(49, 0.0)	(50, 0.0)	(51, 0.0)	(52, 0.0)	(53, 0.0)	(54, 0.0)	(55, 0.0)	(56, 0.0)	(57, 0.0)	(58, 0.0)	(59, 0.0)	(60, 0.0)	(61, 0.002)	(62, 0.0)	(63, 0.0)	(64, 0.0)	(65, 0.003)	(66, 0.0)	(67, 0.003)	(68, 0.0)	(69, 0.011000000000000001)	(70, 0.0)	(71, 0.002)	(72, 0.0)	(73, 0.002)	(74, 0.015)	(75, 0.006999999999999999)	(76, 0.016)	(77, 0.006999999999999999)	(78, 0.011000000000000001)	(79, 0.016)	(80, 0.016)	(81, 0.008)	(82, 0.016)	(83, 0.015)	(84, 0.024)	(85, 0.018000000000000002)	(86, 0.012)	(87, 0.015)	(88, 0.018000000000000002)	(89, 0.01)	(90, 0.01)	(91, 0.002)	(92, 0.002)	(93, 0.002)	(94, 0.002)	(95, 0.008)	(96, 0.0)	(97, 0.0)	(98, 0.002)	(99, 0.006)	(100, 0.004)	(101, 0.004)	(102, 0.002)	(103, 0.009000000000000001)	(104, 0.0)	(105, 0.002)	(106, 0.006999999999999999)	(107, 0.002)	(108, 0.003)	(109, 0.002)	(110, 0.002)	(111, 0.002)	(112, 0.002)	(113, 0.0)	(114, 0.001)	(115, 0.003)	(116, 0.0)	(117, 0.0)	(118, 0.0)	(119, 0.0)	(120, 0.0)	(121, 0.0)	(122, 0.0)	(123, 0.0)	(124, 0.0)	(125, 0.0)	(126, 0.0)	(127, 0.0)	(128, 0.0)	(129, 0.0)	(130, 0.0)	(131, 0.0)	(132, 0.0)	(133, 0.0)	(134, 0.0)	(135, 0.0)	(136, 0.0)	(137, 0.0)	(138, 0.0)	(139, 0.0)	(140, 0.0)	(141, 0.0)	(142, 0.0)	(143, 0.0)	(144, 0.0)	(145, 0.0)	(146, 0.0)	(147, 0.0)	(148, 0.0)	(149, 0.0)	(150, 0.0)
SRR16013073_1.fastq.gz_SRR16013073_2.fastq.gz	(1, 0.0)	(2, 0.075)	(3, 0.0)	(4, 0.0)	(5, 0.0)	(6, 0.0)	(7, 0.0)	(8, 0.006)	(9, 0.0)	(10, 0.0)	(11, 0.0)	(12, 0.0)	(13, 0.0)	(14, 0.0)	(15, 0.0)	(16, 0.0)	(17, 0.0)	(18, 0.0)	(19, 0.0)	(20, 0.0)	(21, 0.0)	(22, 0.0)	(23, 0.0)	(24, 0.0)	(25, 0.0)	(26, 0.0)	(27, 0.0)	(28, 0.0)	(29, 0.0)	(30, 0.0)	(31, 0.0)	(32, 0.0)	(33, 0.0)	(34, 0.0)	(35, 0.0)	(36, 0.0)	(37, 0.0)	(38, 0.0)	(39, 0.0)	(40, 0.0)	(41, 0.005)	(42, 0.0)	(43, 0.0)	(44, 0.0)	(45, 0.0)	(46, 0.003)	(47, 0.0)	(48, 0.0)	(49, 0.0)	(50, 0.0)	(51, 0.0)	(52, 0.0)	(53, 0.0)	(54, 0.0)	(55, 0.0)	(56, 0.0)	(57, 0.0)	(58, 0.0)	(59, 0.0)	(60, 0.0)	(61, 0.0)	(62, 0.0)	(63, 0.0)	(64, 0.0)	(65, 0.0)	(66, 0.0)	(67, 0.0)	(68, 0.0)	(69, 0.0)	(70, 0.0)	(71, 0.0)	(72, 0.0)	(73, 0.0)	(74, 0.0)	(75, 0.0)	(76, 0.0)	(77, 0.0)	(78, 0.0)	(79, 0.0)	(80, 0.0)	(81, 0.0)	(82, 0.0)	(83, 0.0)	(84, 0.0)	(85, 0.0)	(86, 0.0)	(87, 0.0)	(88, 0.0)	(89, 0.0)	(90, 0.0)	(91, 0.0)	(92, 0.0)	(93, 0.0)	(94, 0.0)	(95, 0.0)	(96, 0.0)	(97, 0.0)	(98, 0.0)	(99, 0.0)	(100, 0.0)	(101, 0.0)	(102, 0.0)	(103, 0.0)	(104, 0.0)	(105, 0.0)	(106, 0.0)	(107, 0.0)	(108, 0.0)	(109, 0.0)	(110, 0.0)	(111, 0.0)	(112, 0.0)	(113, 0.0)	(114, 0.0)	(115, 0.0)	(116, 0.0)	(117, 0.0)	(118, 0.0)	(119, 0.0)	(120, 0.0)	(121, 0.0)	(122, 0.0)	(123, 0.0)	(124, 0.0)	(125, 0.0)	(126, 0.0)	(127, 0.0)	(128, 0.0)	(129, 0.0)	(130, 0.0)	(131, 0.0)	(132, 0.0)	(133, 0.0)	(134, 0.0)	(135, 0.0)	(136, 0.0)	(137, 0.0)	(138, 0.0)	(139, 0.0)	(140, 0.0)	(141, 0.0)	(142, 0.0)	(143, 0.006)	(144, 0.0)	(145, 0.0)	(146, 0.004)	(147, 0.0)	(148, 0.0)	(149, 0.0)	(150, 0.0)
SRR16013074_1.fastq.gz_SRR16013074_2.fastq.gz	(1, 0.0)	(2, 0.0)	(3, 0.0)	(4, 0.004)	(5, 0.0)	(6, 0.002)	(7, 0.0)	(8, 0.0)	(9, 0.0)	(10, 0.0)	(11, 0.0)	(12, 0.0)	(13, 0.0)	(14, 0.0)	(15, 0.0)	(16, 0.0)	(17, 0.0)	(18, 0.0)	(19, 0.0)	(20, 0.0)	(21, 0.0)	(22, 0.0)	(23, 0.0)	(24, 0.0)	(25, 0.0)	(26, 0.0)	(27, 0.0)	(28, 0.0)	(29, 0.0)	(30, 0.0)	(31, 0.0)	(32, 0.0)	(33, 0.0)	(34, 0.0)	(35, 0.0)	(36, 0.0)	(37, 0.0)	(38, 0.0)	(39, 0.0)	(40, 0.0)	(41, 0.0)	(42, 0.0)	(43, 0.0)	(44, 0.0)	(45, 0.0)	(46, 0.0)	(47, 0.0)	(48, 0.0)	(49, 0.0)	(50, 0.0)	(51, 0.0)	(52, 0.0)	(53, 0.0)	(54, 0.0)	(55, 0.0)	(56, 0.0)	(57, 0.0)	(58, 0.0)	(59, 0.0)	(60, 0.0)	(61, 0.0)	(62, 0.0)	(63, 0.0)	(64, 0.0)	(65, 0.0)	(66, 0.0)	(67, 0.0)	(68, 0.0)	(69, 0.0)	(70, 0.0)	(71, 0.0)	(72, 0.0)	(73, 0.0)	(74, 0.0)	(75, 0.0)	(76, 0.0)	(77, 0.0)	(78, 0.0)	(79, 0.0)	(80, 0.0)	(81, 0.0)	(82, 0.0)	(83, 0.0)	(84, 0.0)	(85, 0.0)	(86, 0.0)	(87, 0.0)	(88, 0.0)	(89, 0.0)	(90, 0.0)	(91, 0.0)	(92, 0.0)	(93, 0.0)	(94, 0.0)	(95, 0.0)	(96, 0.0)	(97, 0.0)	(98, 0.0)	(99, 0.0)	(100, 0.0)	(101, 0.0)	(102, 0.0)	(103, 0.0)	(104, 0.0)	(105, 0.0)	(106, 0.0)	(107, 0.0)	(108, 0.0)	(109, 0.0)	(110, 0.0)	(111, 0.0)	(112, 0.0)	(113, 0.0)	(114, 0.0)	(115, 0.0)	(116, 0.0)	(117, 0.0)	(118, 0.0)	(119, 0.0)	(120, 0.0)	(121, 0.0)	(122, 0.0)	(123, 0.0)	(124, 0.0)	(125, 0.0)	(126, 0.0)	(127, 0.0)	(128, 0.0)	(129, 0.0)	(130, 0.0)	(131, 0.0)	(132, 0.0)	(133, 0.0)	(134, 0.0)	(135, 0.0)	(136, 0.0)	(137, 0.0)	(138, 0.0)	(139, 0.0)	(140, 0.0)	(141, 0.0)	(142, 0.0)	(143, 0.0)	(144, 0.0)	(145, 0.0)	(146, 0.0)	(147, 0.0)	(148, 0.0)	(149, 0.0)	(150, 0.0)
SRR16013082_1.fastq.gz_SRR16013082_2.fastq.gz	(1, 0.0)	(2, 0.093)	(3, 0.0)	(4, 0.0)	(5, 0.0)	(6, 0.002)	(7, 0.0)	(8, 0.0)	(9, 0.0)	(10, 0.0)	(11, 0.0)	(12, 0.0)	(13, 0.0)	(14, 0.0)	(15, 0.0)	(16, 0.0)	(17, 0.0)	(18, 0.0)	(19, 0.0)	(20, 0.0)	(21, 0.0)	(22, 0.0)	(23, 0.0)	(24, 0.0)	(25, 0.0)	(26, 0.0)	(27, 0.0)	(28, 0.0)	(29, 0.0)	(30, 0.0)	(31, 0.0)	(32, 0.0)	(33, 0.0)	(34, 0.0)	(35, 0.0)	(36, 0.0)	(37, 0.0)	(38, 0.0)	(39, 0.0)	(40, 0.0)	(41, 0.0)	(42, 0.0)	(43, 0.0)	(44, 0.0)	(45, 0.0)	(46, 0.0)	(47, 0.0)	(48, 0.0)	(49, 0.0)	(50, 0.0)	(51, 0.0)	(52, 0.0)	(53, 0.0)	(54, 0.0)	(55, 0.0)	(56, 0.0)	(57, 0.0)	(58, 0.0)	(59, 0.0)	(60, 0.0)	(61, 0.003)	(62, 0.0)	(63, 0.0)	(64, 0.0)	(65, 0.005)	(66, 0.0)	(67, 0.004)	(68, 0.0)	(69, 0.01)	(70, 0.0)	(71, 0.003)	(72, 0.0)	(73, 0.003)	(74, 0.01)	(75, 0.009000000000000001)	(76, 0.01)	(77, 0.009000000000000001)	(78, 0.01)	(79, 0.01)	(80, 0.01)	(81, 0.01)	(82, 0.01)	(83, 0.01)	(84, 0.016)	(85, 0.013)	(86, 0.01)	(87, 0.01)	(88, 0.011000000000000001)	(89, 0.01)	(90, 0.01)	(91, 0.003)	(92, 0.003)	(93, 0.004)	(94, 0.003)	(95, 0.008)	(96, 0.0)	(97, 0.0)	(98, 0.003)	(99, 0.008)	(100, 0.006999999999999999)	(101, 0.006999999999999999)	(102, 0.005)	(103, 0.01)	(104, 0.0)	(105, 0.003)	(106, 0.009000000000000001)	(107, 0.005)	(108, 0.005)	(109, 0.003)	(110, 0.003)	(111, 0.003)	(112, 0.001)	(113, 0.0)	(114, 0.002)	(115, 0.003)	(116, 0.001)	(117, 0.0)	(118, 0.0)	(119, 0.0)	(120, 0.0)	(121, 0.0)	(122, 0.0)	(123, 0.0)	(124, 0.0)	(125, 0.0)	(126, 0.0)	(127, 0.0)	(128, 0.0)	(129, 0.0)	(130, 0.0)	(131, 0.0)	(132, 0.0)	(133, 0.0)	(134, 0.0)	(135, 0.0)	(136, 0.0)	(137, 0.0)	(138, 0.0)	(139, 0.0)	(140, 0.0)	(141, 0.0)	(142, 0.0)	(143, 0.0)	(144, 0.0)	(145, 0.0)	(146, 0.0)	(147, 0.0)	(148, 0.0)	(149, 0.0)	(150, 0.0)
SRR16013083_1.fastq.gz_SRR16013083_2.fastq.gz	(1, 0.0)	(2, 0.006)	(3, 0.002)	(4, 0.004)	(5, 0.0)	(6, 0.002)	(7, 0.0)	(8, 0.0)	(9, 0.0)	(10, 0.0)	(11, 0.0)	(12, 0.0)	(13, 0.0)	(14, 0.0)	(15, 0.0)	(16, 0.0)	(17, 0.0)	(18, 0.0)	(19, 0.0)	(20, 0.0)	(21, 0.0)	(22, 0.0)	(23, 0.0)	(24, 0.0)	(25, 0.0)	(26, 0.0)	(27, 0.0)	(28, 0.0)	(29, 0.0)	(30, 0.0)	(31, 0.0)	(32, 0.0)	(33, 0.0)	(34, 0.0)	(35, 0.0)	(36, 0.0)	(37, 0.0)	(38, 0.0)	(39, 0.0)	(40, 0.0)	(41, 0.0)	(42, 0.0)	(43, 0.0)	(44, 0.0)	(45, 0.0)	(46, 0.0)	(47, 0.0)	(48, 0.0)	(49, 0.0)	(50, 0.0)	(51, 0.0)	(52, 0.0)	(53, 0.0)	(54, 0.0)	(55, 0.0)	(56, 0.0)	(57, 0.0)	(58, 0.0)	(59, 0.0)	(60, 0.0)	(61, 0.0)	(62, 0.0)	(63, 0.0)	(64, 0.0)	(65, 0.003)	(66, 0.0)	(67, 0.0)	(68, 0.0)	(69, 0.0)	(70, 0.0)	(71, 0.0)	(72, 0.0)	(73, 0.0)	(74, 0.0)	(75, 0.0)	(76, 0.0)	(77, 0.0)	(78, 0.0)	(79, 0.0)	(80, 0.0)	(81, 0.0)	(82, 0.0)	(83, 0.0)	(84, 0.0)	(85, 0.0)	(86, 0.0)	(87, 0.0)	(88, 0.0)	(89, 0.003)	(90, 0.003)	(91, 0.003)	(92, 0.003)	(93, 0.005)	(94, 0.004)	(95, 0.005)	(96, 0.0)	(97, 0.0)	(98, 0.0)	(99, 0.0)	(100, 0.0)	(101, 0.0)	(102, 0.0)	(103, 0.0)	(104, 0.0)	(105, 0.0)	(106, 0.0)	(107, 0.0)	(108, 0.0)	(109, 0.0)	(110, 0.0)	(111, 0.0)	(112, 0.0)	(113, 0.0)	(114, 0.0)	(115, 0.003)	(116, 0.0)	(117, 0.0)	(118, 0.003)	(119, 0.004)	(120, 0.005)	(121, 0.0)	(122, 0.0)	(123, 0.0)	(124, 0.0)	(125, 0.0)	(126, 0.0)	(127, 0.0)	(128, 0.0)	(129, 0.0)	(130, 0.0)	(131, 0.0)	(132, 0.0)	(133, 0.0)	(134, 0.0)	(135, 0.0)	(136, 0.0)	(137, 0.0)	(138, 0.0)	(139, 0.0)	(140, 0.003)	(141, 0.0)	(142, 0.0)	(143, 0.003)	(144, 0.0)	(145, 0.003)	(146, 0.0)	(147, 0.0)	(148, 0.0)	(149, 0.0)	(150, 0.0)
SRR16013084_1.fastq.gz_SRR16013084_2.fastq.gz	(1, 0.0)	(2, 0.052)	(3, 0.0)	(4, 0.0)	(5, 0.0)	(6, 0.0)	(7, 0.0)	(8, 0.004)	(9, 0.0)	(10, 0.0)	(11, 0.0)	(12, 0.0)	(13, 0.0)	(14, 0.0)	(15, 0.0)	(16, 0.0)	(17, 0.0)	(18, 0.0)	(19, 0.0)	(20, 0.0)	(21, 0.0)	(22, 0.0)	(23, 0.0)	(24, 0.0)	(25, 0.0)	(26, 0.0)	(27, 0.0)	(28, 0.0)	(29, 0.0)	(30, 0.0)	(31, 0.0)	(32, 0.0)	(33, 0.0)	(34, 0.0)	(35, 0.0)	(36, 0.0)	(37, 0.0)	(38, 0.0)	(39, 0.0)	(40, 0.0)	(41, 0.002)	(42, 0.0)	(43, 0.0)	(44, 0.0)	(45, 0.0)	(46, 0.001)	(47, 0.0)	(48, 0.0)	(49, 0.0)	(50, 0.0)	(51, 0.0)	(52, 0.0)	(53, 0.0)	(54, 0.0)	(55, 0.0)	(56, 0.0)	(57, 0.0)	(58, 0.0)	(59, 0.0)	(60, 0.0)	(61, 0.0)	(62, 0.0)	(63, 0.0)	(64, 0.0)	(65, 0.0)	(66, 0.0)	(67, 0.0)	(68, 0.0)	(69, 0.0)	(70, 0.0)	(71, 0.0)	(72, 0.0)	(73, 0.0)	(74, 0.0)	(75, 0.0)	(76, 0.0)	(77, 0.0)	(78, 0.0)	(79, 0.0)	(80, 0.0)	(81, 0.0)	(82, 0.0)	(83, 0.0)	(84, 0.0)	(85, 0.0)	(86, 0.0)	(87, 0.0)	(88, 0.0)	(89, 0.0)	(90, 0.0)	(91, 0.0)	(92, 0.0)	(93, 0.0)	(94, 0.0)	(95, 0.0)	(96, 0.0)	(97, 0.0)	(98, 0.0)	(99, 0.0)	(100, 0.0)	(101, 0.0)	(102, 0.0)	(103, 0.0)	(104, 0.0)	(105, 0.0)	(106, 0.0)	(107, 0.0)	(108, 0.0)	(109, 0.0)	(110, 0.0)	(111, 0.0)	(112, 0.0)	(113, 0.0)	(114, 0.0)	(115, 0.0)	(116, 0.0)	(117, 0.0)	(118, 0.0)	(119, 0.0)	(120, 0.0)	(121, 0.0)	(122, 0.0)	(123, 0.0)	(124, 0.0)	(125, 0.0)	(126, 0.0)	(127, 0.0)	(128, 0.0)	(129, 0.0)	(130, 0.0)	(131, 0.0)	(132, 0.0)	(133, 0.0)	(134, 0.0)	(135, 0.0)	(136, 0.0)	(137, 0.0)	(138, 0.0)	(139, 0.0)	(140, 0.0)	(141, 0.0)	(142, 0.0)	(143, 0.011000000000000001)	(144, 0.0)	(145, 0.0)	(146, 0.002)	(147, 0.0)	(148, 0.0)	(149, 0.0)	(150, 0.0)
SRR16013090_1.fastq.gz_SRR16013090_2.fastq.gz	(1, 0.0)	(2, 0.14400000000000002)	(3, 0.0)	(4, 0.0)	(5, 0.0)	(6, 0.003)	(7, 0.0)	(8, 0.0)	(9, 0.0)	(10, 0.0)	(11, 0.0)	(12, 0.0)	(13, 0.0)	(14, 0.0)	(15, 0.0)	(16, 0.0)	(17, 0.0)	(18, 0.0)	(19, 0.0)	(20, 0.0)	(21, 0.0)	(22, 0.0)	(23, 0.0)	(24, 0.0)	(25, 0.0)	(26, 0.0)	(27, 0.0)	(28, 0.0)	(29, 0.0)	(30, 0.0)	(31, 0.0)	(32, 0.0)	(33, 0.0)	(34, 0.0)	(35, 0.0)	(36, 0.0)	(37, 0.0)	(38, 0.0)	(39, 0.0)	(40, 0.0)	(41, 0.0)	(42, 0.0)	(43, 0.0)	(44, 0.0)	(45, 0.0)	(46, 0.0)	(47, 0.0)	(48, 0.0)	(49, 0.0)	(50, 0.0)	(51, 0.0)	(52, 0.0)	(53, 0.0)	(54, 0.0)	(55, 0.0)	(56, 0.0)	(57, 0.0)	(58, 0.0)	(59, 0.0)	(60, 0.0)	(61, 0.001)	(62, 0.0)	(63, 0.0)	(64, 0.0)	(65, 0.003)	(66, 0.0)	(67, 0.002)	(68, 0.0)	(69, 0.011000000000000001)	(70, 0.0)	(71, 0.001)	(72, 0.0)	(73, 0.001)	(74, 0.013)	(75, 0.01)	(76, 0.015)	(77, 0.006999999999999999)	(78, 0.011000000000000001)	(79, 0.016)	(80, 0.016)	(81, 0.01)	(82, 0.015)	(83, 0.013999999999999999)	(84, 0.02)	(85, 0.018000000000000002)	(86, 0.013)	(87, 0.015)	(88, 0.017)	(89, 0.012)	(90, 0.013)	(91, 0.001)	(92, 0.001)	(93, 0.002)	(94, 0.001)	(95, 0.006)	(96, 0.0)	(97, 0.0)	(98, 0.001)	(99, 0.006)	(100, 0.004)	(101, 0.005)	(102, 0.001)	(103, 0.01)	(104, 0.0)	(105, 0.002)	(106, 0.008)	(107, 0.002)	(108, 0.003)	(109, 0.001)	(110, 0.002)	(111, 0.001)	(112, 0.001)	(113, 0.0)	(114, 0.0)	(115, 0.003)	(116, 0.0)	(117, 0.0)	(118, 0.0)	(119, 0.0)	(120, 0.0)	(121, 0.0)	(122, 0.0)	(123, 0.0)	(124, 0.0)	(125, 0.0)	(126, 0.0)	(127, 0.0)	(128, 0.0)	(129, 0.0)	(130, 0.0)	(131, 0.0)	(132, 0.0)	(133, 0.0)	(134, 0.0)	(135, 0.0)	(136, 0.0)	(137, 0.0)	(138, 0.0)	(139, 0.0)	(140, 0.0)	(141, 0.0)	(142, 0.0)	(143, 0.0)	(144, 0.0)	(145, 0.0)	(146, 0.0)	(147, 0.0)	(148, 0.0)	(149, 0.0)	(150, 0.0)
