Sample	0	1	2	3	4	5	6	7	8	9	10	11	12	13	14	15	16	17	18	19	20	21	22	23	24	25	26	27	28	29	30	31	32	33	34	35	36	37
SRR16013048_1.fastq.gz	(1, 36.4606)	(2, 36.55771)	(3, 36.62564)	(4, 36.63358)	(5, 36.67314)	(6, 36.63553)	(7, 36.62162)	(8, 36.66626)	(9, 36.67902)	(10, 36.672764)	(15, 36.68170799999999)	(20, 36.646488)	(25, 36.593492)	(30, 36.593224000000006)	(35, 36.572019999999995)	(40, 36.521432)	(45, 36.528791999999996)	(50, 36.528307999999996)	(55, 36.520384)	(60, 36.485696000000004)	(65, 36.443112)	(70, 36.439218)	(75, 36.435614)	(80, 36.431486)	(85, 36.427778)	(90, 36.375118)	(95, 36.360572000000005)	(100, 36.347272000000004)	(105, 36.345526)	(110, 36.308392)	(115, 36.290002)	(120, 36.2612)	(125, 36.214312)	(130, 36.157664)	(135, 36.041084)	(140, 35.836312)	(145, 35.757392)	(150, 35.71226)
SRR16013048_1.trimmed.fastq.gz	(1, 36.46530762884807)	(2, 36.55796535104859)	(3, 36.63125786982762)	(4, 36.63779254048891)	(5, 36.67901958230212)	(6, 36.637325778298816)	(7, 36.62913030263558)	(8, 36.66914159176762)	(9, 36.68045243367635)	(10, 36.67713950762017)	(15, 36.685897268898444)	(20, 36.652116712257396)	(25, 36.603013329859756)	(30, 36.60382346015032)	(35, 36.58336087470954)	(40, 36.53564486883104)	(45, 36.54380016095715)	(50, 36.545843037793375)	(55, 36.53894972609224)	(60, 36.505750505669674)	(65, 36.46738180464985)	(70, 36.46148988383525)	(75, 36.45784310654689)	(80, 36.45495726243827)	(85, 36.450634733648954)	(90, 36.395326687004136)	(95, 36.38177583923379)	(100, 36.360693405090956)	(105, 36.36371657786394)	(110, 36.32894775961044)	(115, 36.32391710589478)	(120, 36.316303530067515)	(125, 36.293333119870184)	(130, 36.294107920300064)	(135, 36.25962344524345)	(140, 36.13376782557105)	(145, 36.17675305283058)	(150, 36.17938524881096)
SRR16013048_2.fastq.gz	(1, 35.96968)	(2, 35.79618)	(3, 35.70104)	(4, 35.68974)	(5, 35.60554)	(6, 35.49906)	(7, 35.47696)	(8, 35.4541)	(9, 35.41198)	(10, 35.285744)	(15, 35.084515999999994)	(20, 34.94926)	(25, 34.80584)	(30, 34.66106)	(35, 34.658762)	(40, 34.650980000000004)	(45, 34.657332)	(50, 34.640024000000004)	(55, 34.624632000000005)	(60, 34.584604)	(65, 34.549307999999996)	(70, 34.539872)	(75, 34.549032)	(80, 34.507436)	(85, 34.492048)	(90, 34.446467999999996)	(95, 34.469508)	(100, 34.418783999999995)	(105, 34.383824)	(110, 34.279184)	(115, 34.219924)	(120, 34.19692)	(125, 34.117279999999994)	(130, 33.941928000000004)	(135, 33.784768)	(140, 33.468072)	(145, 33.2731)	(150, 33.06512)
SRR16013048_2.trimmed.fastq.gz	(1, 36.352752811428076)	(2, 36.16664495679736)	(3, 36.16427858104294)	(4, 36.173526985367545)	(5, 36.14660674742738)	(6, 36.132278233685035)	(7, 36.14070166297599)	(8, 36.173765793929924)	(9, 36.18017020537536)	(10, 36.16693152707221)	(15, 36.142169250141116)	(20, 36.136220745951114)	(25, 36.081403325951975)	(30, 36.002668135466934)	(35, 36.00495697222523)	(40, 36.00083446966258)	(45, 36.003826587994965)	(50, 35.98741185236777)	(55, 35.98378916205916)	(60, 35.93394404274416)	(65, 35.89712325685246)	(70, 35.88686296116403)	(75, 35.897387032635145)	(80, 35.86082420544456)	(85, 35.847042396226676)	(90, 35.78405726677246)	(95, 35.80950484429909)	(100, 35.76113094018429)	(105, 35.713683795981744)	(110, 35.6443006579002)	(115, 35.61308439560402)	(120, 35.62072958423155)	(125, 35.60018670457565)	(130, 35.505878564407126)	(135, 35.433531303271494)	(140, 35.27083882320729)	(145, 35.18135305115722)	(150, 35.107801810517586)
SRR16013050_1.fastq.gz	(1, 36.48648)	(2, 36.53761)	(3, 36.63614)	(4, 36.65348)	(5, 36.674)	(6, 36.63177)	(7, 36.6428)	(8, 36.7)	(9, 36.69702)	(10, 36.69264)	(15, 36.69288400000001)	(20, 36.664407999999995)	(25, 36.619748)	(30, 36.602708)	(35, 36.59457999999999)	(40, 36.555644)	(45, 36.548768)	(50, 36.55816)	(55, 36.54890400000001)	(60, 36.494001999999995)	(65, 36.457532)	(70, 36.455292)	(75, 36.446996)	(80, 36.44509)	(85, 36.421986)	(90, 36.379135999999995)	(95, 36.359475999999994)	(100, 36.35053)	(105, 36.349958)	(110, 36.314776)	(115, 36.293114)	(120, 36.26935199999999)	(125, 36.227464)	(130, 36.172472000000006)	(135, 36.058956)	(140, 35.858084)	(145, 35.772144000000004)	(150, 35.70812)
SRR16013050_1.trimmed.fastq.gz	(1, 36.49471028473297)	(2, 36.54298556193949)	(3, 36.64294951979138)	(4, 36.65895647380584)	(5, 36.67746517692454)	(6, 36.64078699090466)	(7, 36.64960671656031)	(8, 36.7043483791634)	(9, 36.70131659846927)	(10, 36.69769118239448)	(15, 36.699204952615176)	(20, 36.670977590264386)	(25, 36.62954608094642)	(30, 36.613717240684835)	(35, 36.60719512636743)	(40, 36.569246780490005)	(45, 36.56343605994325)	(50, 36.573689785165996)	(55, 36.563758743436125)	(60, 36.51382475659963)	(65, 36.47751665106413)	(70, 36.47540166948097)	(75, 36.47023361385267)	(80, 36.46994841098729)	(85, 36.44346910047939)	(90, 36.39439520655918)	(95, 36.377706602944144)	(100, 36.36344785406008)	(105, 36.36738247012438)	(110, 36.33296204829681)	(115, 36.32640599147551)	(120, 36.31805656893055)	(125, 36.30695127615976)	(130, 36.30042670563183)	(135, 36.26124788194514)	(140, 36.158316839972244)	(145, 36.18927832696511)	(150, 36.19659459116034)
SRR16013050_2.fastq.gz	(1, 36.14825)	(2, 35.96822)	(3, 35.92816)	(4, 35.87816)	(5, 35.84496)	(6, 35.7519)	(7, 35.7432)	(8, 35.75658)	(9, 35.72888)	(10, 35.600291999999996)	(15, 35.46831)	(20, 35.358200000000004)	(25, 35.235728)	(30, 35.148342)	(35, 35.126778)	(40, 35.136972)	(45, 35.129608)	(50, 35.104636000000006)	(55, 35.0942)	(60, 35.07202)	(65, 35.017312)	(70, 35.021339999999995)	(75, 35.0174)	(80, 34.987747999999996)	(85, 34.983196)	(90, 34.943543999999996)	(95, 34.959244)	(100, 34.906724)	(105, 34.902404000000004)	(110, 34.804435999999995)	(115, 34.734868)	(120, 34.738004000000004)	(125, 34.7114)	(130, 34.576932)	(135, 34.441516)	(140, 34.20166)	(145, 34.053627999999996)	(150, 33.87016)
SRR16013050_2.trimmed.fastq.gz	(1, 36.41464371276528)	(2, 36.25662009455763)	(3, 36.2834820955329)	(4, 36.24260605932113)	(5, 36.25651408823966)	(6, 36.22110797803549)	(7, 36.25380032649946)	(8, 36.27148218033795)	(9, 36.28776475077915)	(10, 36.267390336464054)	(15, 36.251811647974215)	(20, 36.23016515784341)	(25, 36.16001017660653)	(30, 36.10478828715811)	(35, 36.07845958794743)	(40, 36.096347080612176)	(45, 36.09614532353643)	(50, 36.061322971319335)	(55, 36.062555987004544)	(60, 36.03845413008331)	(65, 35.985347456442135)	(70, 35.988652013560845)	(75, 35.986743385748)	(80, 35.94855273785644)	(85, 35.953344119476064)	(90, 35.90152801164349)	(95, 35.91607581892306)	(100, 35.8689306162798)	(105, 35.85159867118624)	(110, 35.77377856980148)	(115, 35.72777606205226)	(120, 35.75510536086951)	(125, 35.75192775600016)	(130, 35.680784817981134)	(135, 35.59437518239521)	(140, 35.476752862999845)	(145, 35.38760876806886)	(150, 35.305728246179434)
SRR16013054_1.fastq.gz	(1, 36.47866)	(2, 36.56389)	(3, 36.65118)	(4, 36.66774)	(5, 36.68248)	(6, 36.65249)	(7, 36.63358)	(8, 36.67836)	(9, 36.69014)	(10, 36.677972)	(15, 36.68694)	(20, 36.651752)	(25, 36.614456000000004)	(30, 36.601440000000004)	(35, 36.590524)	(40, 36.531936)	(45, 36.533316)	(50, 36.538544)	(55, 36.526419999999995)	(60, 36.488544000000005)	(65, 36.451464)	(70, 36.433284)	(75, 36.431042)	(80, 36.438171999999994)	(85, 36.416402)	(90, 36.366454)	(95, 36.347704)	(100, 36.337812)	(105, 36.330548)	(110, 36.293036)	(115, 36.272446)	(120, 36.232744000000004)	(125, 36.174527999999995)	(130, 36.09814)	(135, 35.957318)	(140, 35.75476)	(145, 35.633475999999995)	(150, 35.58724)
SRR16013054_1.trimmed.fastq.gz	(1, 36.48364216494734)	(2, 36.57265897013011)	(3, 36.66469402494368)	(4, 36.6769610538003)	(5, 36.6946178141405)	(6, 36.66137395034979)	(7, 36.64326445256497)	(8, 36.682307667432006)	(9, 36.69485496232578)	(10, 36.68484730890707)	(15, 36.6930741950436)	(20, 36.66097295432741)	(25, 36.62596988218047)	(30, 36.616823227246776)	(35, 36.61030513720581)	(40, 36.54987281114198)	(45, 36.55712788959567)	(50, 36.562084811307564)	(55, 36.551132730194674)	(60, 36.513783199936185)	(65, 36.480687975545585)	(70, 36.461099695579875)	(75, 36.46212776062572)	(80, 36.47204415661502)	(85, 36.44680841367945)	(90, 36.39537768083001)	(95, 36.37670475255701)	(100, 36.363829499806776)	(105, 36.35759634555295)	(110, 36.33051814448247)	(115, 36.333619011533884)	(120, 36.316969834126965)	(125, 36.29757532388156)	(130, 36.3037432503187)	(135, 36.25344724019866)	(140, 36.153428653931975)	(145, 36.1705506931939)	(150, 36.19992170487632)
SRR16013054_2.fastq.gz	(1, 36.01112)	(2, 35.80208)	(3, 35.75914)	(4, 35.7509)	(5, 35.6968)	(6, 35.6077)	(7, 35.56226)	(8, 35.59922)	(9, 35.54154)	(10, 35.399195999999996)	(15, 35.223872)	(20, 35.093804)	(25, 34.930376)	(30, 34.795718)	(35, 34.774468)	(40, 34.77413)	(45, 34.759927999999995)	(50, 34.741096000000006)	(55, 34.731596)	(60, 34.672172)	(65, 34.63007)	(70, 34.625308000000004)	(75, 34.609668)	(80, 34.587844000000004)	(85, 34.553376)	(90, 34.491068)	(95, 34.495892)	(100, 34.390519999999995)	(105, 34.353552)	(110, 34.155372)	(115, 34.009572000000006)	(120, 33.878764000000004)	(125, 33.64990400000001)	(130, 33.29574)	(135, 32.886528)	(140, 32.318664)	(145, 31.871568000000003)	(150, 31.5524)
SRR16013054_2.trimmed.fastq.gz	(1, 36.35185245071091)	(2, 36.13302935247766)	(3, 36.19016050620358)	(4, 36.1950759413166)	(5, 36.19307096120471)	(6, 36.174681197382746)	(7, 36.14947881296554)	(8, 36.231510526145584)	(9, 36.22629326606948)	(10, 36.20591145749118)	(15, 36.17807888410999)	(20, 36.16123705117011)	(25, 36.08528495510354)	(30, 36.02177708248589)	(35, 35.99744937758214)	(40, 36.013324146385315)	(45, 36.001656125369834)	(50, 35.97658926080027)	(55, 35.97369915784715)	(60, 35.91883188801059)	(65, 35.8676985848177)	(70, 35.86879847413656)	(75, 35.85859259976021)	(80, 35.83910931944327)	(85, 35.81690152772615)	(90, 35.75212031874746)	(95, 35.77800073257604)	(100, 35.70415186364046)	(105, 35.70067136195672)	(110, 35.60691989236135)	(115, 35.57176598684407)	(120, 35.58951510552579)	(125, 35.533583964178476)	(130, 35.482705293049285)	(135, 35.394903998244686)	(140, 35.242954381736496)	(145, 35.14803549580303)	(150, 35.11471214331842)
SRR16013056_1.fastq.gz	(1, 36.51282)	(2, 36.57868)	(3, 36.65142)	(4, 36.6614)	(5, 36.70422)	(6, 36.65116)	(7, 36.65006)	(8, 36.69136)	(9, 36.70978)	(10, 36.699419999999996)	(15, 36.701428)	(20, 36.668532)	(25, 36.617124)	(30, 36.625248)	(35, 36.601464)	(40, 36.55295199999999)	(45, 36.55324399999999)	(50, 36.569708000000006)	(55, 36.552504)	(60, 36.52345)	(65, 36.47118)	(70, 36.475086)	(75, 36.469772)	(80, 36.475448)	(85, 36.468102)	(90, 36.419076000000004)	(95, 36.40384)	(100, 36.39475)	(105, 36.391023999999994)	(110, 36.359930000000006)	(115, 36.344269999999995)	(120, 36.324508)	(125, 36.274952)	(130, 36.238696)	(135, 36.127480000000006)	(140, 35.955416)	(145, 35.876416)	(150, 35.85602)
SRR16013056_1.trimmed.fastq.gz	(1, 36.51896918911399)	(2, 36.58350188889246)	(3, 36.65710983401291)	(4, 36.66590682890808)	(5, 36.70614612429233)	(6, 36.65723825729605)	(7, 36.654091886859085)	(8, 36.69906143983904)	(9, 36.7100202266671)	(10, 36.70417268650807)	(15, 36.7056581158164)	(20, 36.674202972999005)	(25, 36.62531650988324)	(30, 36.636034413349485)	(35, 36.614694162907114)	(40, 36.56742790580862)	(45, 36.56614788120373)	(50, 36.58390242201982)	(55, 36.56984684652712)	(60, 36.54072332453302)	(65, 36.493693012888244)	(70, 36.49755172246087)	(75, 36.49069593466355)	(80, 36.498390024022)	(85, 36.489608634836635)	(90, 36.436628521618665)	(95, 36.424282955239455)	(100, 36.41362329808608)	(105, 36.407083623542846)	(110, 36.38040661902422)	(115, 36.37387397348363)	(120, 36.35873694837241)	(125, 36.33008826581839)	(130, 36.34767772958266)	(135, 36.29370753049872)	(140, 36.188416808997545)	(145, 36.20724619754172)	(150, 36.249826680084986)
SRR16013056_2.fastq.gz	(1, 36.09623)	(2, 35.90098)	(3, 35.8505)	(4, 35.8282)	(5, 35.75596)	(6, 35.69064)	(7, 35.65384)	(8, 35.68632)	(9, 35.62664)	(10, 35.50774)	(15, 35.339715999999996)	(20, 35.225704)	(25, 35.082888000000004)	(30, 34.960516)	(35, 34.94708)	(40, 34.945288000000005)	(45, 34.935388)	(50, 34.933068000000006)	(55, 34.908772)	(60, 34.888991999999995)	(65, 34.83370599999999)	(70, 34.833692)	(75, 34.818976)	(80, 34.79493599999999)	(85, 34.786592)	(90, 34.745112)	(95, 34.74772800000001)	(100, 34.6779)	(105, 34.631952)	(110, 34.503996)	(115, 34.419619999999995)	(120, 34.350339999999996)	(125, 34.201980000000006)	(130, 33.94319599999999)	(135, 33.614432)	(140, 33.140851999999995)	(145, 32.6988)	(150, 32.34774)
SRR16013056_2.trimmed.fastq.gz	(1, 36.39692426236877)	(2, 36.19994434991064)	(3, 36.240205049175415)	(4, 36.23705867873846)	(5, 36.216189895228005)	(6, 36.18536830727411)	(7, 36.216810607763186)	(8, 36.270641367279886)	(9, 36.26227244999519)	(10, 36.240038098907334)	(15, 36.21732002011965)	(20, 36.201061632473966)	(25, 36.14243640371999)	(30, 36.06329882885053)	(35, 36.05562163374218)	(40, 36.062217845886146)	(45, 36.059978707048444)	(50, 36.04634751449181)	(55, 36.03571676649862)	(60, 36.018495752568946)	(65, 35.954035006092965)	(70, 35.95105616274624)	(75, 35.93878026888103)	(80, 35.92297531541931)	(85, 35.908280231958045)	(90, 35.865246489912884)	(95, 35.87110978881416)	(100, 35.818812542853045)	(105, 35.792587157385114)	(110, 35.70815072087029)	(115, 35.68232893942356)	(120, 35.70027696617903)	(125, 35.67806374998818)	(130, 35.61305553789977)	(135, 35.500659290701925)	(140, 35.36170167991231)	(145, 35.290381531719824)	(150, 35.17968046062897)
SRR16013070_1.fastq.gz	(1, 36.45944)	(2, 36.55951)	(3, 36.62828)	(4, 36.63404)	(5, 36.6865)	(6, 36.62841)	(7, 36.62396)	(8, 36.6622)	(9, 36.68816)	(10, 36.68017999999999)	(15, 36.684204)	(20, 36.654604)	(25, 36.601839999999996)	(30, 36.597264)	(35, 36.580188)	(40, 36.519923999999996)	(45, 36.53120800000001)	(50, 36.552652)	(55, 36.529467999999994)	(60, 36.497608)	(65, 36.448456)	(70, 36.441434)	(75, 36.440844)	(80, 36.446720000000006)	(85, 36.432836)	(90, 36.39148)	(95, 36.373334)	(100, 36.362548000000004)	(105, 36.363156000000004)	(110, 36.32835)	(115, 36.31097)	(120, 36.275264)	(125, 36.2109)	(130, 36.173984)	(135, 36.06593)	(140, 35.87784)	(145, 35.8014)	(150, 35.74154)
SRR16013070_1.trimmed.fastq.gz	(1, 36.467458479236875)	(2, 36.5711808033019)	(3, 36.63672488172208)	(4, 36.639952139979584)	(5, 36.68906354625188)	(6, 36.63621993655254)	(7, 36.62825058452892)	(8, 36.66816320706045)	(9, 36.695078980010756)	(10, 36.68511180144678)	(15, 36.69062668086367)	(20, 36.65937716111044)	(25, 36.6122065006202)	(30, 36.613336522300045)	(35, 36.59511861214122)	(40, 36.53772984047395)	(45, 36.54920999404146)	(50, 36.56857467753715)	(55, 36.54954090691116)	(60, 36.51835870084904)	(65, 36.47167111195305)	(70, 36.4664792688713)	(75, 36.465437760847564)	(80, 36.47093358887691)	(85, 36.453913012091576)	(90, 36.414977759631526)	(95, 36.39181009106808)	(100, 36.38148274750277)	(105, 36.385624965947684)	(110, 36.35497778229938)	(115, 36.35304018794059)	(120, 36.32967987763106)	(125, 36.30351934684636)	(130, 36.317890653622584)	(135, 36.26893419620129)	(140, 36.16996201252678)	(145, 36.19382326199561)	(150, 36.223712558204184)
SRR16013070_2.fastq.gz	(1, 35.89101)	(2, 35.7022)	(3, 35.61678)	(4, 35.59694)	(5, 35.50942)	(6, 35.39014)	(7, 35.35002)	(8, 35.29062)	(9, 35.26228)	(10, 35.10626)	(15, 34.906896)	(20, 34.73866)	(25, 34.570035999999995)	(30, 34.450084)	(35, 34.434298)	(40, 34.4501)	(45, 34.441432)	(50, 34.452276)	(55, 34.432244000000004)	(60, 34.387631999999996)	(65, 34.329978)	(70, 34.334064)	(75, 34.333824)	(80, 34.301615999999996)	(85, 34.276104)	(90, 34.25644)	(95, 34.234944000000006)	(100, 34.163024)	(105, 34.127544)	(110, 34.004192)	(115, 33.884460000000004)	(120, 33.784064)	(125, 33.598612)	(130, 33.32598399999999)	(135, 32.993528)	(140, 32.48802)	(145, 32.103932)	(150, 31.77542)
SRR16013070_2.trimmed.fastq.gz	(1, 36.343977431146335)	(2, 36.134589841820436)	(3, 36.15985905443529)	(4, 36.16266918407447)	(5, 36.1265546273834)	(6, 36.10128541476855)	(7, 36.10703739887375)	(8, 36.115533650204725)	(9, 36.140188146961)	(10, 36.115854180616694)	(15, 36.098743125610596)	(20, 36.07869899779361)	(25, 36.024322989275404)	(30, 35.95902663100252)	(35, 35.9495002335578)	(40, 35.97188107670066)	(45, 35.96677267170076)	(50, 35.96297517395662)	(55, 35.94922424502067)	(60, 35.91168916549234)	(65, 35.85810641412768)	(70, 35.853232836040924)	(75, 35.859766531567985)	(80, 35.82891211055494)	(85, 35.81538927955258)	(90, 35.77378989623295)	(95, 35.77295900059984)	(100, 35.73479905455323)	(105, 35.69990193906906)	(110, 35.629636934783356)	(115, 35.56847072643189)	(120, 35.58968357372625)	(125, 35.56100493751202)	(130, 35.496314684252155)	(135, 35.410093048143544)	(140, 35.25136824455455)	(145, 35.17096942578428)	(150, 35.06163593166648)
SRR16013072_1.fastq.gz	(1, 36.54668)	(2, 36.5955)	(3, 36.66482)	(4, 36.65694)	(5, 36.67984)	(6, 36.62427)	(7, 36.64294)	(8, 36.68762)	(9, 36.69764)	(10, 36.690684)	(15, 36.689316)	(20, 36.659428000000005)	(25, 36.60236)	(30, 36.59246)	(35, 36.574636)	(40, 36.480647999999995)	(45, 36.514736)	(50, 36.541936)	(55, 36.536559999999994)	(60, 36.504584)	(65, 36.447374)	(70, 36.442426)	(75, 36.43456199999999)	(80, 36.443158)	(85, 36.435714000000004)	(90, 36.41259599999999)	(95, 36.379284)	(100, 36.359429999999996)	(105, 36.372148)	(110, 36.322366)	(115, 36.302386)	(120, 36.253848)	(125, 36.189676)	(130, 36.126464)	(135, 35.964563999999996)	(140, 35.76048)	(145, 35.639272)	(150, 35.60758)
SRR16013072_1.trimmed.fastq.gz	(1, 36.55240632987112)	(2, 36.59894502148023)	(3, 36.67195606068846)	(4, 36.66186307031377)	(5, 36.68442003371581)	(6, 36.6332590135407)	(7, 36.64704986676818)	(8, 36.69198977649682)	(9, 36.70114742509109)	(10, 36.69645766490837)	(15, 36.695922562401435)	(20, 36.66612213823482)	(25, 36.614834955680024)	(30, 36.60805116127279)	(35, 36.59101891779075)	(40, 36.50309964647181)	(45, 36.53592595965541)	(50, 36.56313458953046)	(55, 36.56102964349142)	(60, 36.53328493099487)	(65, 36.47495141365051)	(70, 36.47388697751023)	(75, 36.46602498969945)	(80, 36.47421821894466)	(85, 36.46761844312553)	(90, 36.44395866440211)	(95, 36.41254627873644)	(100, 36.39610849038216)	(105, 36.4129363218971)	(110, 36.37710356318056)	(115, 36.37133822489254)	(120, 36.35803069686837)	(125, 36.34147876820823)	(130, 36.34992624618014)	(135, 36.282045263444815)	(140, 36.16617612442873)	(145, 36.20347996673147)	(150, 36.248223767855805)
SRR16013072_2.fastq.gz	(1, 36.00403)	(2, 35.77834)	(3, 35.6905)	(4, 35.6778)	(5, 35.60758)	(6, 35.5038)	(7, 35.48142)	(8, 35.45072)	(9, 35.37194)	(10, 35.27668)	(15, 35.073352)	(20, 34.934456000000004)	(25, 34.783691999999995)	(30, 34.668646)	(35, 34.642604)	(40, 34.635282)	(45, 34.632760000000005)	(50, 34.637)	(55, 34.61452)	(60, 34.57422)	(65, 34.534994000000005)	(70, 34.538956)	(75, 34.519964)	(80, 34.479476000000005)	(85, 34.473352)	(90, 34.43084)	(95, 34.41508)	(100, 34.334324)	(105, 34.276064000000005)	(110, 34.159808)	(115, 34.052092)	(120, 33.99894)	(125, 33.828016000000005)	(130, 33.574828000000004)	(135, 33.2616)	(140, 32.84152)	(145, 32.46836)	(150, 32.24852)
SRR16013072_2.trimmed.fastq.gz	(1, 36.38338136929686)	(2, 36.16226004676709)	(3, 36.18331611289358)	(4, 36.17659470335526)	(5, 36.14409701451955)	(6, 36.116232530317035)	(7, 36.1382674424928)	(8, 36.162912610799935)	(9, 36.14818641579205)	(10, 36.16320408940127)	(15, 36.142626570232196)	(20, 36.12736092229049)	(25, 36.091069661210504)	(30, 36.03433926450599)	(35, 36.000621855949355)	(40, 36.01371551379912)	(45, 35.9951764144963)	(50, 36.00048023123196)	(55, 35.975904827059445)	(60, 35.946788441703134)	(65, 35.90166913656566)	(70, 35.91217622053664)	(75, 35.89295975309601)	(80, 35.8616586662317)	(85, 35.85613150133444)	(90, 35.80256423990579)	(95, 35.79925046266798)	(100, 35.757102007105864)	(105, 35.7116977242281)	(110, 35.642688134830294)	(115, 35.596059351239425)	(120, 35.61309925147583)	(125, 35.589323649761674)	(130, 35.4972181388664)	(135, 35.39588447529347)	(140, 35.245082010249064)	(145, 35.13507503056595)	(150, 35.063694576501405)
SRR16013073_1.fastq.gz	(1, 36.44724)	(2, 36.49513)	(3, 36.57298)	(4, 36.54328)	(5, 36.58628)	(6, 36.5568)	(7, 36.5475)	(8, 36.55354)	(9, 36.5588)	(10, 36.54124)	(15, 36.515088)	(20, 36.498332)	(25, 36.435876)	(30, 36.414368)	(35, 36.37375200000001)	(40, 36.287842)	(45, 36.308626000000004)	(50, 36.313084)	(55, 36.304432)	(60, 36.279863999999996)	(65, 36.253732)	(70, 36.211208)	(75, 36.215503999999996)	(80, 36.19148)	(85, 36.188008)	(90, 36.1622)	(95, 35.94095600000001)	(100, 36.077324)	(105, 36.06302)	(110, 36.0163)	(115, 35.948324)	(120, 35.819668)	(125, 35.712912)	(130, 35.598024)	(135, 35.386784)	(140, 35.059516)	(145, 34.676012)	(150, 34.50052)
SRR16013073_1.trimmed.fastq.gz	(1, 36.45863683949529)	(2, 36.5019560306353)	(3, 36.58358036255441)	(4, 36.55521516336988)	(5, 36.5975095046559)	(6, 36.56773375943578)	(7, 36.558234613477325)	(8, 36.565893437654964)	(9, 36.57467629070472)	(10, 36.55152570389553)	(15, 36.527841754366634)	(20, 36.51088434624497)	(25, 36.45517659375172)	(30, 36.43514685368784)	(35, 36.39998681946399)	(40, 36.312716650376856)	(45, 36.337381726468244)	(50, 36.342986846553615)	(55, 36.336391946493734)	(60, 36.31370665568111)	(65, 36.28801626971641)	(70, 36.24810076223645)	(75, 36.252397780423706)	(80, 36.228604044728975)	(85, 36.2298981433079)	(90, 36.20341742744955)	(95, 35.98653081060941)	(100, 36.13146348741734)	(105, 36.13590030523656)	(110, 36.10747847985023)	(115, 36.08084949024367)	(120, 36.02483233499128)	(125, 35.99721294731076)	(130, 36.03196182564699)	(135, 35.98160941706325)	(140, 35.86911304841398)	(145, 35.8122562015525)	(150, 35.81533526806171)
SRR16013073_2.fastq.gz	(1, 35.98625)	(2, 35.72326)	(3, 35.63374)	(4, 35.65942)	(5, 35.66712)	(6, 35.54674)	(7, 35.50606)	(8, 35.47904)	(9, 35.41752)	(10, 35.287734)	(15, 35.053494)	(20, 34.885859999999994)	(25, 34.836878)	(30, 34.741636)	(35, 34.651160000000004)	(40, 34.665444)	(45, 34.647094)	(50, 34.599544)	(55, 34.578582)	(60, 34.56743000000001)	(65, 34.539725999999995)	(70, 34.549358)	(75, 34.520854)	(80, 34.4787)	(85, 34.431704)	(90, 34.384961999999994)	(95, 34.349952)	(100, 34.258340000000004)	(105, 34.148703999999995)	(110, 34.004808000000004)	(115, 33.81428)	(120, 33.64476)	(125, 33.340472)	(130, 33.04961999999999)	(135, 32.642132)	(140, 32.076788)	(145, 31.608691999999998)	(150, 31.41724)
SRR16013073_2.trimmed.fastq.gz	(1, 36.28376219075431)	(2, 36.16506694583724)	(3, 36.226095101658494)	(4, 36.25730343269602)	(5, 36.31046338641247)	(6, 36.30645214612375)	(7, 36.30442448619759)	(8, 36.295432255220675)	(9, 36.333516998181715)	(10, 36.34488952559369)	(15, 36.35265193674582)	(20, 36.3493459694749)	(25, 36.36886219626426)	(30, 36.34099400986486)	(35, 36.3058084151313)	(40, 36.31810711630376)	(45, 36.3123253032001)	(50, 36.281440734257295)	(55, 36.24390960446789)	(60, 36.253911872053415)	(65, 36.22772266148106)	(70, 36.23393332703444)	(75, 36.210331922211914)	(80, 36.19733266319273)	(85, 36.13584553023021)	(90, 36.11777962040815)	(95, 36.123363306799845)	(100, 36.09464606360518)	(105, 36.05481554640163)	(110, 35.98563853017511)	(115, 35.947956015074055)	(120, 35.96486555524482)	(125, 35.90886942438292)	(130, 35.90992626877941)	(135, 35.840369054665594)	(140, 35.703246283001356)	(145, 35.69771329120242)	(150, 35.72667084639498)
SRR16013074_1.fastq.gz	(1, 36.66642)	(2, 36.68956)	(3, 36.71442)	(4, 36.68422)	(5, 36.7144)	(6, 36.66626)	(7, 36.67066)	(8, 36.70148)	(9, 36.71938)	(10, 36.698116)	(15, 36.679752)	(20, 36.6687)	(25, 36.633528)	(30, 36.608364)	(35, 36.580752000000004)	(40, 36.502064000000004)	(45, 36.532564)	(50, 36.55886399999999)	(55, 36.550323999999996)	(60, 36.524304)	(65, 36.506424)	(70, 36.480728)	(75, 36.48655599999999)	(80, 36.49286)	(85, 36.479836)	(90, 36.434656000000004)	(95, 36.439904)	(100, 36.424264)	(105, 36.413976000000005)	(110, 36.382943999999995)	(115, 36.335076)	(120, 36.226744000000004)	(125, 36.20786)	(130, 36.131516)	(135, 35.978956)	(140, 35.66438)	(145, 35.534248)	(150, 35.43494)
SRR16013074_1.trimmed.fastq.gz	(1, 36.67093998234775)	(2, 36.6977493380406)	(3, 36.71895410414828)	(4, 36.6871359223301)	(5, 36.718909973521626)	(6, 36.672330097087375)	(7, 36.67639011473963)	(8, 36.70677405119153)	(9, 36.723367166813766)	(10, 36.704399823477495)	(15, 36.686081200353044)	(20, 36.67406884377758)	(25, 36.64101500441306)	(30, 36.617225709572566)	(35, 36.59187962829882)	(40, 36.51144472572126)	(45, 36.548536887764605)	(50, 36.57762616100876)	(55, 36.57317449098535)	(60, 36.54486323985574)	(65, 36.530607309939896)	(70, 36.50437356772426)	(75, 36.51059040023464)	(80, 36.51690166759369)	(85, 36.50542943419826)	(90, 36.4542530173698)	(95, 36.46115374983983)	(100, 36.44761820855972)	(105, 36.44577233702132)	(110, 36.41958116500498)	(115, 36.401186973169516)	(120, 36.3349587301187)	(125, 36.34615267703715)	(130, 36.350360325660645)	(135, 36.30511853844963)	(140, 36.119612338623554)	(145, 36.1406556721269)	(150, 36.163882925807634)
SRR16013074_2.fastq.gz	(1, 35.82421)	(2, 35.64006)	(3, 35.63786)	(4, 35.6375)	(5, 35.59708)	(6, 35.47534)	(7, 35.43462)	(8, 35.408)	(9, 35.37698)	(10, 35.198704)	(15, 34.992751999999996)	(20, 34.819668)	(25, 34.703236000000004)	(30, 34.633632)	(35, 34.55806)	(40, 34.558484)	(45, 34.530512)	(50, 34.501087999999996)	(55, 34.479128)	(60, 34.381616)	(65, 34.396544)	(70, 34.407792)	(75, 34.413396)	(80, 34.339556)	(85, 34.293516)	(90, 34.350512)	(95, 34.30581600000001)	(100, 34.224064)	(105, 34.1495)	(110, 33.929615999999996)	(115, 33.925688)	(120, 33.718632)	(125, 33.548424)	(130, 33.17056)	(135, 32.86634)	(140, 32.344759999999994)	(145, 31.98442)	(150, 31.75656)
SRR16013074_2.trimmed.fastq.gz	(1, 36.23325242718447)	(2, 36.06156222418358)	(3, 36.20728155339806)	(4, 36.24296116504854)	(5, 36.250022065313324)	(6, 36.22639011473963)	(7, 36.21946160635481)	(8, 36.25156663724625)	(9, 36.282016769638126)	(10, 36.29086054721977)	(15, 36.32416593115622)	(20, 36.330145631067964)	(25, 36.310582524271844)	(30, 36.2846465928637)	(35, 36.2491098682187)	(40, 36.27093035288193)	(45, 36.247811417426895)	(50, 36.249266460280765)	(55, 36.21786656758722)	(60, 36.14012667626966)	(65, 36.14289057092359)	(70, 36.149344587469365)	(75, 36.16403353779589)	(80, 36.10707967970013)	(85, 36.05574173553403)	(90, 36.10627978282808)	(95, 36.072969146566564)	(100, 36.018729823188956)	(105, 35.965015253862546)	(110, 35.849059882667575)	(115, 35.90943571205802)	(120, 35.83929728965201)	(125, 35.86503825064632)	(130, 35.742889408733916)	(135, 35.73704953777961)	(140, 35.596800931065374)	(145, 35.59524636638975)	(150, 35.528450237947446)
SRR16013082_1.fastq.gz	(1, 36.49624)	(2, 36.57881)	(3, 36.65034)	(4, 36.6535)	(5, 36.67544)	(6, 36.63712)	(7, 36.63232)	(8, 36.6703)	(9, 36.69072)	(10, 36.685004000000006)	(15, 36.690692)	(20, 36.672016)	(25, 36.615916)	(30, 36.604888)	(35, 36.595208)	(40, 36.55100399999999)	(45, 36.552528)	(50, 36.563300000000005)	(55, 36.557676)	(60, 36.511162)	(65, 36.450917999999994)	(70, 36.45509199999999)	(75, 36.436972000000004)	(80, 36.443059999999996)	(85, 36.416804)	(90, 36.391154)	(95, 36.35536199999999)	(100, 36.339686)	(105, 36.334506000000005)	(110, 36.287721999999995)	(115, 36.2413)	(120, 36.157740000000004)	(125, 36.027252)	(130, 35.870436)	(135, 35.574259999999995)	(140, 35.16406)	(145, 34.796124000000006)	(150, 34.60742)
SRR16013082_1.trimmed.fastq.gz	(1, 36.49764497612789)	(2, 36.584281959122364)	(3, 36.655705166031865)	(4, 36.656649321388336)	(5, 36.677592403841)	(6, 36.639783273429536)	(7, 36.63501958049461)	(8, 36.67478139584786)	(9, 36.695445523308834)	(10, 36.68905530819162)	(15, 36.69504640308996)	(20, 36.67588004935358)	(25, 36.62131216136473)	(30, 36.61113075357132)	(35, 36.609377442466354)	(40, 36.565356029217774)	(45, 36.567020835185495)	(50, 36.58253728740495)	(55, 36.57584899935472)	(60, 36.52814382100748)	(65, 36.47132694648201)	(70, 36.47577097993754)	(75, 36.46006795269691)	(80, 36.462570023964695)	(85, 36.44058533532611)	(90, 36.415936784029746)	(95, 36.37978150718957)	(100, 36.36642403438135)	(105, 36.37396428085556)	(110, 36.34896413358607)	(115, 36.34688241014589)	(120, 36.332039981133775)	(125, 36.31863102654939)	(130, 36.33383997642788)	(135, 36.26775547461614)	(140, 36.153270041875814)	(145, 36.17303650751037)	(150, 36.21851501643478)
SRR16013082_2.fastq.gz	(1, 35.97616)	(2, 35.74544)	(3, 35.74518)	(4, 35.70362)	(5, 35.70272)	(6, 35.58842)	(7, 35.54892)	(8, 35.56766)	(9, 35.52974)	(10, 35.408332)	(15, 35.243858)	(20, 35.133852000000005)	(25, 34.97212)	(30, 34.855308)	(35, 34.832188)	(40, 34.839268000000004)	(45, 34.802744000000004)	(50, 34.797844)	(55, 34.779512)	(60, 34.74754)	(65, 34.687898000000004)	(70, 34.693315999999996)	(75, 34.685668)	(80, 34.672979999999995)	(85, 34.650824)	(90, 34.588727999999996)	(95, 34.598432)	(100, 34.557736)	(105, 34.522428)	(110, 34.41952)	(115, 34.315332)	(120, 34.323628)	(125, 34.218571999999995)	(130, 34.057640000000006)	(135, 33.863028)	(140, 33.547612)	(145, 33.315956)	(150, 33.12008)
SRR16013082_2.trimmed.fastq.gz	(1, 36.322901131913525)	(2, 36.08236682581406)	(3, 36.14837186846199)	(4, 36.1327933050802)	(5, 36.13974572179604)	(6, 36.12672066949198)	(7, 36.10680757470093)	(8, 36.17347781771364)	(9, 36.18890617456145)	(10, 36.179361622230566)	(15, 36.148637948607906)	(20, 36.14698138511882)	(25, 36.083795933694546)	(30, 36.01204443327475)	(35, 35.983488908681196)	(40, 35.999955035382776)	(45, 35.96969378241091)	(50, 35.96061978414231)	(55, 35.940434061192455)	(60, 35.90944675847309)	(65, 35.85659500082966)	(70, 35.87253279472665)	(75, 35.861221523245874)	(80, 35.8485346272517)	(85, 35.8268317030802)	(90, 35.76606946648898)	(95, 35.77219690484694)	(100, 35.742757165397975)	(105, 35.71758168003036)	(110, 35.64590723259805)	(115, 35.587403027164974)	(120, 35.62425379286997)	(125, 35.59449707215464)	(130, 35.51380053287484)	(135, 35.42872646643148)	(140, 35.27163351597268)	(145, 35.16774034597346)	(150, 35.13146785138032)
SRR16013083_1.fastq.gz	(1, 36.61554)	(2, 36.62396)	(3, 36.68992)	(4, 36.64854)	(5, 36.67108)	(6, 36.64004)	(7, 36.63992)	(8, 36.6689)	(9, 36.68486)	(10, 36.669996000000005)	(15, 36.64576)	(20, 36.637916)	(25, 36.60776)	(30, 36.56366799999999)	(35, 36.554388)	(40, 36.511571999999994)	(45, 36.501495999999996)	(50, 36.517100000000006)	(55, 36.506344)	(60, 36.480856)	(65, 36.441294)	(70, 36.416904)	(75, 36.426808)	(80, 36.427299999999995)	(85, 36.406653999999996)	(90, 36.364508)	(95, 36.362122)	(100, 36.345264)	(105, 36.321924)	(110, 36.271772)	(115, 36.178999999999995)	(120, 36.03323)	(125, 35.926)	(130, 35.727624)	(135, 35.384132)	(140, 34.84742)	(145, 34.360202)	(150, 34.0662)
SRR16013083_1.trimmed.fastq.gz	(1, 36.63408700940466)	(2, 36.63760561238896)	(3, 36.704220151604005)	(4, 36.66307204448209)	(5, 36.68751764731435)	(6, 36.65608913794227)	(7, 36.65365652353337)	(8, 36.681609869464175)	(9, 36.70081014747725)	(10, 36.68590169631416)	(15, 36.661983883929544)	(20, 36.6534697334984)	(25, 36.626076757672514)	(30, 36.58548822903166)	(35, 36.57873212478905)	(40, 36.53919688579328)	(45, 36.52958573008753)	(50, 36.54409956946817)	(55, 36.53693374574836)	(60, 36.51286120406043)	(65, 36.47430738784143)	(70, 36.45067008299735)	(75, 36.46222741989361)	(80, 36.462976890951474)	(85, 36.43973190242435)	(90, 36.40388761293559)	(95, 36.4089586265872)	(100, 36.39803379322388)	(105, 36.38912155368389)	(110, 36.361546368573)	(115, 36.322355370293295)	(120, 36.26370280970623)	(125, 36.28901709177715)	(130, 36.30517686101232)	(135, 36.26410842117055)	(140, 36.094703544451484)	(145, 36.11156296491315)	(150, 36.15422885572139)
SRR16013083_2.fastq.gz	(1, 35.5847)	(2, 35.30572)	(3, 35.51258)	(4, 35.51118)	(5, 35.57848)	(6, 35.43908)	(7, 35.41942)	(8, 35.42768)	(9, 35.41972)	(10, 35.273232)	(15, 35.128423999999995)	(20, 35.000831999999996)	(25, 34.8814)	(30, 34.814082)	(35, 34.752456)	(40, 34.746216000000004)	(45, 34.705892)	(50, 34.690472)	(55, 34.658792)	(60, 34.55963)	(65, 34.552748)	(70, 34.57391200000001)	(75, 34.568936)	(80, 34.511876)	(85, 34.461552)	(90, 34.534988000000006)	(95, 34.501656)	(100, 34.433948)	(105, 34.372336000000004)	(110, 34.174136)	(115, 34.218655999999996)	(120, 34.043884000000006)	(125, 33.94828)	(130, 33.616936)	(135, 33.427504)	(140, 32.958516)	(145, 32.69249599999999)	(150, 32.44082)
SRR16013083_2.trimmed.fastq.gz	(1, 35.92629395538759)	(2, 35.68026324363068)	(3, 36.005125866075886)	(4, 36.046740948285226)	(5, 36.127147542407855)	(6, 36.104906496383656)	(7, 36.079559523033815)	(8, 36.157707260919615)	(9, 36.193848960708934)	(10, 36.18831041897439)	(15, 36.22516018331487)	(20, 36.22711496275059)	(25, 36.19274559631633)	(30, 36.17972693725777)	(35, 36.1298934673555)	(40, 36.14938900697521)	(45, 36.11397235465765)	(50, 36.124791919738946)	(55, 36.09215331112913)	(60, 36.005331171963974)	(65, 35.995671455255675)	(70, 36.00604016862618)	(75, 36.00699799597079)	(80, 35.966174759000374)	(85, 35.914058979390624)	(90, 35.973129062186686)	(95, 35.9460119639553)	(100, 35.89318817133773)	(105, 35.83751972299565)	(110, 35.71368656838831)	(115, 35.798850460104624)	(120, 35.71518268767441)	(125, 35.74321973457707)	(130, 35.60273933242841)	(135, 35.592590356561246)	(140, 35.4572266651561)	(145, 35.46252799962342)	(150, 35.395557856100886)
SRR16013084_1.fastq.gz	(1, 36.46774)	(2, 36.50748)	(3, 36.59002)	(4, 36.5451)	(5, 36.6214)	(6, 36.57052)	(7, 36.55094)	(8, 36.5481)	(9, 36.56768)	(10, 36.562788)	(15, 36.551328)	(20, 36.525004)	(25, 36.47018799999999)	(30, 36.446232)	(35, 36.419648)	(40, 36.359691999999995)	(45, 36.369366)	(50, 36.338896)	(55, 36.322140000000005)	(60, 36.311216)	(65, 36.267848)	(70, 36.236944)	(75, 36.223568)	(80, 36.206239999999994)	(85, 36.18278)	(90, 36.158172)	(95, 35.949024)	(100, 36.077875999999996)	(105, 36.065964)	(110, 36.006408)	(115, 35.920484)	(120, 35.765724)	(125, 35.603372)	(130, 35.39842)	(135, 35.016156)	(140, 34.50283)	(145, 33.853584)	(150, 33.4504)
SRR16013084_1.trimmed.fastq.gz	(1, 36.485694430871796)	(2, 36.51998436431154)	(3, 36.60176770144521)	(4, 36.55818321986601)	(5, 36.635666742673486)	(6, 36.581767049958195)	(7, 36.55907358545881)	(8, 36.5579660575263)	(9, 36.58022519734627)	(10, 36.57477876586642)	(15, 36.56549724746735)	(20, 36.537856824869436)	(25, 36.488547944015544)	(30, 36.46671760587378)	(35, 36.44479565640376)	(40, 36.383808164959916)	(45, 36.39507849039341)	(50, 36.367825287781876)	(55, 36.350401709458495)	(60, 36.33993158668916)	(65, 36.29874379745957)	(70, 36.26931861310193)	(75, 36.26053109207695)	(80, 36.24131698801678)	(85, 36.220996039338765)	(90, 36.20161180502537)	(95, 35.996558667024104)	(100, 36.13560091955484)	(105, 36.13977282529983)	(110, 36.11261231103134)	(115, 36.08139519782795)	(120, 36.02640485078916)	(125, 36.019183822788975)	(130, 36.04046386377251)	(135, 35.98552081715049)	(140, 35.910415804821774)	(145, 35.82992012183958)	(150, 35.82208333333333)
SRR16013084_2.fastq.gz	(1, 35.90886)	(2, 35.58378)	(3, 35.66966)	(4, 35.64322)	(5, 35.68676)	(6, 35.56964)	(7, 35.53478)	(8, 35.52332)	(9, 35.50902)	(10, 35.392224000000006)	(15, 35.229748)	(20, 35.093183999999994)	(25, 35.022034000000005)	(30, 34.943854)	(35, 34.821472)	(40, 34.821172000000004)	(45, 34.808954)	(50, 34.770572)	(55, 34.725713999999996)	(60, 34.708342)	(65, 34.67178)	(70, 34.717078)	(75, 34.670353999999996)	(80, 34.627104)	(85, 34.564854)	(90, 34.522874)	(95, 34.50676)	(100, 34.424124)	(105, 34.33456199999999)	(110, 34.180304)	(115, 34.030906)	(120, 33.946532)	(125, 33.671452)	(130, 33.434076)	(135, 33.067840000000004)	(140, 32.569112000000004)	(145, 32.192147999999996)	(150, 32.05052)
SRR16013084_2.trimmed.fastq.gz	(1, 36.158897683963644)	(2, 35.963419003876346)	(3, 36.17508713638881)	(4, 36.16585773695126)	(5, 36.243102381185054)	(6, 36.227596990129975)	(7, 36.21309054583754)	(8, 36.244948261072565)	(9, 36.27367883861581)	(10, 36.28588336210735)	(15, 36.31072890539322)	(20, 36.29514316427245)	(25, 36.2937033779602)	(30, 36.27459531703907)	(35, 36.229012431940546)	(40, 36.225571833666145)	(45, 36.22342194146372)	(50, 36.198484595922935)	(55, 36.155785407389416)	(60, 36.15231011873463)	(65, 36.11014423823977)	(70, 36.14828890432811)	(75, 36.10958082583945)	(80, 36.0850857329424)	(85, 36.028780812259356)	(90, 35.99670902707699)	(95, 36.02163993380638)	(100, 35.979874579012915)	(105, 35.9446318763501)	(110, 35.874411202564794)	(115, 35.82846486815173)	(120, 35.88040459194174)	(125, 35.82396857872512)	(130, 35.802112172593)	(135, 35.74639391182624)	(140, 35.60122371053187)	(145, 35.60799157254395)	(150, 35.64230566565099)
SRR16013090_1.fastq.gz	(1, 36.4936)	(2, 36.56518)	(3, 36.62478)	(4, 36.62438)	(5, 36.65882)	(6, 36.58773)	(7, 36.58614)	(8, 36.6411)	(9, 36.65806)	(10, 36.65344)	(15, 36.652232)	(20, 36.624532)	(25, 36.568616)	(30, 36.569424000000005)	(35, 36.549271999999995)	(40, 36.490768)	(45, 36.489648)	(50, 36.521195999999996)	(55, 36.512768)	(60, 36.463257999999996)	(65, 36.414708)	(70, 36.404878)	(75, 36.40299)	(80, 36.41497)	(85, 36.416678)	(90, 36.368772)	(95, 36.343498)	(100, 36.332623999999996)	(105, 36.335016)	(110, 36.293099999999995)	(115, 36.268066)	(120, 36.256688000000004)	(125, 36.182548)	(130, 36.129088)	(135, 36.005316)	(140, 35.773844000000004)	(145, 35.672644000000005)	(150, 35.63214)
SRR16013090_1.trimmed.fastq.gz	(1, 36.50308966377528)	(2, 36.57520876887005)	(3, 36.63305189480128)	(4, 36.63492301828388)	(5, 36.66689381951743)	(6, 36.59314614398411)	(7, 36.594428210074035)	(8, 36.65012300904376)	(9, 36.65934002471731)	(10, 36.66025017613971)	(15, 36.66220908072396)	(20, 36.63543122466187)	(25, 36.5779022626734)	(30, 36.57995066504559)	(35, 36.56553302113609)	(40, 36.50463413768979)	(45, 36.5106165979136)	(50, 36.542057692985395)	(55, 36.531769509358845)	(60, 36.48425732859262)	(65, 36.44043031029598)	(70, 36.430185977110995)	(75, 36.42596696333969)	(80, 36.43907783054929)	(85, 36.44005043180026)	(90, 36.3848633928322)	(95, 36.35909172401438)	(100, 36.34151267239301)	(105, 36.345052524963506)	(110, 36.30200338814259)	(115, 36.30414122492409)	(120, 36.31938088328789)	(125, 36.2728532998771)	(130, 36.296716748115166)	(135, 36.246577328151645)	(140, 36.12947414788793)	(145, 36.14523772416685)	(150, 36.178620588665986)
SRR16013090_2.fastq.gz	(1, 35.71953)	(2, 35.39356)	(3, 35.22362)	(4, 35.19326)	(5, 35.07464)	(6, 34.88102)	(7, 34.81618)	(8, 34.81414)	(9, 34.68016)	(10, 34.515508)	(15, 34.210516)	(20, 33.989892)	(25, 33.796927999999994)	(30, 33.59702)	(35, 33.585978)	(40, 33.606548)	(45, 33.577008)	(50, 33.589535999999995)	(55, 33.575455999999996)	(60, 33.508072000000006)	(65, 33.45459)	(70, 33.466359999999995)	(75, 33.476748)	(80, 33.413952)	(85, 33.408292)	(90, 33.363708)	(95, 33.357012000000005)	(100, 33.28799600000001)	(105, 33.24562)	(110, 33.117791999999994)	(115, 33.007979999999996)	(120, 32.958788000000006)	(125, 32.805308000000004)	(130, 32.562712000000005)	(135, 32.277496)	(140, 31.852048000000003)	(145, 31.470956)	(150, 31.22854)
SRR16013090_2.trimmed.fastq.gz	(1, 36.264001663220874)	(2, 35.9889003106989)	(3, 35.976125850379425)	(4, 35.99601519999076)	(5, 35.93904988507606)	(6, 35.900911306436896)	(7, 35.876817704062184)	(8, 35.91715081024267)	(9, 35.90393744441493)	(10, 35.92793864563)	(15, 35.89423070259532)	(20, 35.89349149331824)	(25, 35.87192968271752)	(30, 35.81461411897558)	(35, 35.81651689469391)	(40, 35.84944102250192)	(45, 35.822762100865546)	(50, 35.83403847301764)	(55, 35.82597461238415)	(60, 35.76088885234784)	(65, 35.73409159072882)	(70, 35.72834814826454)	(75, 35.74183846543154)	(80, 35.695018689019854)	(85, 35.69043197097191)	(90, 35.63020404048973)	(95, 35.62269376159484)	(100, 35.573238600830244)	(105, 35.519853138891634)	(110, 35.435686346011664)	(115, 35.362170513668424)	(120, 35.35353848828571)	(125, 35.29307352170626)	(130, 35.19058748089469)	(135, 35.07131519883835)	(140, 34.91537627618981)	(145, 34.74446316850491)	(150, 34.68397580622683)
