Sample	0	1	2	3	4	5	6	7	8	9	10	11	12	13	14	15	16	17	18	19	20	21	22	23	24	25	26	27	28	29	30	31	32	33	34	35	36	37
SRR16013048_1.fastq.gz	(1, 0.0)	(2, 0.165)	(3, 0.0)	(4, 0.0)	(5, 0.0)	(6, 0.003)	(7, 0.0)	(8, 0.0)	(9, 0.0)	(10, 0.0)	(15, 0.0)	(20, 0.0)	(25, 0.0)	(30, 0.0)	(35, 0.0)	(40, 0.0)	(45, 0.0)	(50, 0.0)	(55, 0.0)	(60, 0.00039999999999999996)	(65, 0.0024000000000000002)	(70, 0.0022)	(75, 0.0073999999999999995)	(80, 0.0098)	(85, 0.0098)	(90, 0.003)	(95, 0.002)	(100, 0.0036)	(105, 0.0034)	(110, 0.0012000000000000001)	(115, 0.0006000000000000001)	(120, 0.0)	(125, 0.0)	(130, 0.0)	(135, 0.0)	(140, 0.0)	(145, 0.0)	(150, 0.0)
SRR16013048_1.trimmed.fastq.gz	(1, 0.0)	(2, 0.1715079675220355)	(3, 0.0)	(4, 0.0)	(5, 0.0)	(6, 0.0010854934653293387)	(7, 0.0)	(8, 0.0)	(9, 0.0)	(10, 0.0)	(15, 0.0)	(20, 0.0)	(25, 0.0)	(30, 0.0)	(35, 0.0)	(40, 0.0)	(45, 0.0)	(50, 0.0)	(55, 0.0)	(60, 0.0)	(65, 0.0)	(70, 0.0)	(75, 0.0)	(80, 0.0004452567907226295)	(85, 0.0006780994229373911)	(90, 0.0)	(95, 0.0)	(100, 0.0)	(105, 0.0)	(110, 0.0)	(115, 0.0)	(120, 0.0)	(125, 0.0)	(130, 0.0)	(135, 0.0)	(140, 0.0)	(145, 0.0)	(150, 0.0)
SRR16013048_2.fastq.gz	(1, 0.058)	(2, 0.0)	(3, 0.0)	(4, 0.0)	(5, 0.0)	(6, 0.0)	(7, 0.0)	(8, 0.0)	(9, 0.0)	(10, 0.0)	(15, 0.0)	(20, 0.0)	(25, 0.0)	(30, 0.0)	(35, 0.0046)	(40, 0.0024000000000000002)	(45, 0.0)	(50, 0.0)	(55, 0.0)	(60, 0.0)	(65, 0.0015999999999999999)	(70, 0.0)	(75, 0.0)	(80, 0.0)	(85, 0.0)	(90, 0.0)	(95, 0.0)	(100, 0.0)	(105, 0.0)	(110, 0.0)	(115, 0.0)	(120, 0.0)	(125, 0.0)	(130, 0.0)	(135, 0.0)	(140, 0.0)	(145, 0.0)	(150, 0.0)
SRR16013048_2.trimmed.fastq.gz	(1, 0.046676219009161565)	(2, 0.0)	(3, 0.0)	(4, 0.0)	(5, 0.0)	(6, 0.0)	(7, 0.0)	(8, 0.0)	(9, 0.0)	(10, 0.0)	(15, 0.0)	(20, 0.0)	(25, 0.0)	(30, 0.0)	(35, 0.0034739788130717137)	(40, 0.0017373402189917347)	(45, 0.0)	(50, 0.0)	(55, 0.0)	(60, 0.0)	(65, 0.0010914718935072702)	(70, 0.0)	(75, 0.0)	(80, 0.0)	(85, 0.0)	(90, 0.0)	(95, 0.0)	(100, 0.0)	(105, 0.0)	(110, 0.0)	(115, 0.0)	(120, 0.0)	(125, 0.0)	(130, 0.0)	(135, 0.0)	(140, 0.0)	(145, 0.0)	(150, 0.0)
SRR16013050_1.fastq.gz	(1, 0.0)	(2, 0.169)	(3, 0.0)	(4, 0.0)	(5, 0.0)	(6, 0.003)	(7, 0.0)	(8, 0.0)	(9, 0.0)	(10, 0.0)	(15, 0.0)	(20, 0.0)	(25, 0.0)	(30, 0.0)	(35, 0.0)	(40, 0.0)	(45, 0.0)	(50, 0.0)	(55, 0.0)	(60, 0.0006000000000000001)	(65, 0.0044)	(70, 0.0044)	(75, 0.015200000000000002)	(80, 0.0194)	(85, 0.0186)	(90, 0.0044)	(95, 0.0036)	(100, 0.005)	(105, 0.0038000000000000004)	(110, 0.0015999999999999999)	(115, 0.0006000000000000001)	(120, 0.0)	(125, 0.0)	(130, 0.0)	(135, 0.0)	(140, 0.0)	(145, 0.0)	(150, 0.0)
SRR16013050_1.trimmed.fastq.gz	(1, 0.0)	(2, 0.17173023512201327)	(3, 0.0)	(4, 0.0)	(5, 0.0)	(6, 0.0)	(7, 0.0)	(8, 0.0)	(9, 0.0)	(10, 0.0)	(15, 0.0)	(20, 0.0)	(25, 0.0)	(30, 0.0)	(35, 0.0)	(40, 0.0)	(45, 0.0)	(50, 0.0)	(55, 0.0)	(60, 0.0)	(65, 0.0)	(70, 0.0)	(75, 0.0004294416614238997)	(80, 0.0023801486943802524)	(85, 0.002626251573015265)	(90, 0.0)	(95, 0.0)	(100, 0.0)	(105, 0.0)	(110, 0.0)	(115, 0.0)	(120, 0.0)	(125, 0.0)	(130, 0.0)	(135, 0.0)	(140, 0.0)	(145, 0.0)	(150, 0.0)
SRR16013050_2.fastq.gz	(1, 0.07100000000000001)	(2, 0.0)	(3, 0.0)	(4, 0.0)	(5, 0.0)	(6, 0.0)	(7, 0.0)	(8, 0.0)	(9, 0.0)	(10, 0.0)	(15, 0.00019999999999999998)	(20, 0.0)	(25, 0.0)	(30, 0.00019999999999999998)	(35, 0.0046)	(40, 0.0024000000000000002)	(45, 0.0)	(50, 0.0)	(55, 0.0)	(60, 0.0)	(65, 0.002)	(70, 0.0)	(75, 0.0)	(80, 0.0)	(85, 0.0)	(90, 0.0)	(95, 0.0)	(100, 0.0)	(105, 0.0)	(110, 0.0)	(115, 0.0)	(120, 0.0)	(125, 0.0)	(130, 0.0)	(135, 0.0)	(140, 0.0)	(145, 0.0)	(150, 0.0)
SRR16013050_2.trimmed.fastq.gz	(1, 0.05406322216804122)	(2, 0.0)	(3, 0.0)	(4, 0.0)	(5, 0.0)	(6, 0.0)	(7, 0.0)	(8, 0.0)	(9, 0.0)	(10, 0.0)	(15, 0.0)	(20, 0.0)	(25, 0.0)	(30, 0.0)	(35, 0.0023322675577342232)	(40, 0.0010602047891570736)	(45, 0.0)	(50, 0.0)	(55, 0.0)	(60, 0.0)	(65, 0.0008515657100035553)	(70, 0.0)	(75, 0.0)	(80, 0.0)	(85, 0.0)	(90, 0.0)	(95, 0.0)	(100, 0.0)	(105, 0.0)	(110, 0.0)	(115, 0.0)	(120, 0.0)	(125, 0.0)	(130, 0.0)	(135, 0.0)	(140, 0.0)	(145, 0.0)	(150, 0.0)
SRR16013054_1.fastq.gz	(1, 0.0)	(2, 0.161)	(3, 0.0)	(4, 0.0)	(5, 0.0)	(6, 0.001)	(7, 0.0)	(8, 0.0)	(9, 0.0)	(10, 0.0)	(15, 0.0)	(20, 0.0)	(25, 0.0)	(30, 0.0)	(35, 0.0)	(40, 0.0)	(45, 0.0)	(50, 0.0)	(55, 0.0)	(60, 0.00039999999999999996)	(65, 0.0048000000000000004)	(70, 0.0036)	(75, 0.012199999999999999)	(80, 0.0144)	(85, 0.0138)	(90, 0.0046)	(95, 0.0036)	(100, 0.0063999999999999994)	(105, 0.0052)	(110, 0.0012000000000000001)	(115, 0.0006000000000000001)	(120, 0.0)	(125, 0.0)	(130, 0.0)	(135, 0.00019999999999999998)	(140, 0.0)	(145, 0.0)	(150, 0.0)
SRR16013054_1.trimmed.fastq.gz	(1, 0.0)	(2, 0.15953605191389367)	(3, 0.0)	(4, 0.0)	(5, 0.0)	(6, 0.0)	(7, 0.0)	(8, 0.0)	(9, 0.0)	(10, 0.0)	(15, 0.0)	(20, 0.0)	(25, 0.0)	(30, 0.0)	(35, 0.0)	(40, 0.0)	(45, 0.0)	(50, 0.0)	(55, 0.0)	(60, 0.0)	(65, 0.0)	(70, 0.0)	(75, 0.0)	(80, 0.001775308126916778)	(85, 0.001128199573991841)	(90, 0.0)	(95, 0.0)	(100, 0.0)	(105, 0.0)	(110, 0.0)	(115, 0.0)	(120, 0.0)	(125, 0.0)	(130, 0.0)	(135, 0.0)	(140, 0.0)	(145, 0.0)	(150, 0.0)
SRR16013054_2.fastq.gz	(1, 0.07200000000000001)	(2, 0.0)	(3, 0.0)	(4, 0.0)	(5, 0.0)	(6, 0.0)	(7, 0.0)	(8, 0.0)	(9, 0.0)	(10, 0.0)	(15, 0.0)	(20, 0.0)	(25, 0.0)	(30, 0.00019999999999999998)	(35, 0.0031999999999999997)	(40, 0.0018)	(45, 0.0)	(50, 0.0)	(55, 0.0)	(60, 0.0)	(65, 0.0014)	(70, 0.0)	(75, 0.0)	(80, 0.0)	(85, 0.0)	(90, 0.0)	(95, 0.0)	(100, 0.0)	(105, 0.0)	(110, 0.0)	(115, 0.0)	(120, 0.0)	(125, 0.0)	(130, 0.0)	(135, 0.0)	(140, 0.0)	(145, 0.0)	(150, 0.0)
SRR16013054_2.trimmed.fastq.gz	(1, 0.05820910002263687)	(2, 0.0)	(3, 0.0)	(4, 0.0)	(5, 0.0)	(6, 0.0)	(7, 0.0)	(8, 0.0)	(9, 0.0)	(10, 0.0)	(15, 0.0)	(20, 0.0)	(25, 0.0)	(30, 0.0)	(35, 0.0025873277001459685)	(40, 0.0015094079239603413)	(45, 0.0)	(50, 0.0)	(55, 0.0)	(60, 0.0)	(65, 0.0008677429571812237)	(70, 0.0)	(75, 0.0)	(80, 0.0)	(85, 0.0)	(90, 0.0)	(95, 0.0)	(100, 0.0)	(105, 0.0)	(110, 0.0)	(115, 0.0)	(120, 0.0)	(125, 0.0)	(130, 0.0)	(135, 0.0)	(140, 0.0)	(145, 0.0)	(150, 0.0)
SRR16013056_1.fastq.gz	(1, 0.0)	(2, 0.136)	(3, 0.0)	(4, 0.0)	(5, 0.0)	(6, 0.0)	(7, 0.0)	(8, 0.0)	(9, 0.0)	(10, 0.0)	(15, 0.0)	(20, 0.0)	(25, 0.0)	(30, 0.0)	(35, 0.0)	(40, 0.0)	(45, 0.0)	(50, 0.0)	(55, 0.0)	(60, 0.00019999999999999998)	(65, 0.0024000000000000002)	(70, 0.0026)	(75, 0.01)	(80, 0.012400000000000001)	(85, 0.0126)	(90, 0.0028)	(95, 0.002)	(100, 0.003)	(105, 0.0015999999999999999)	(110, 0.0006000000000000001)	(115, 0.00019999999999999998)	(120, 0.0)	(125, 0.0)	(130, 0.0)	(135, 0.0)	(140, 0.0)	(145, 0.0)	(150, 0.0)
SRR16013056_1.trimmed.fastq.gz	(1, 0.0)	(2, 0.13698483535064906)	(3, 0.0)	(4, 0.0)	(5, 0.0)	(6, 0.0)	(7, 0.0)	(8, 0.0)	(9, 0.0)	(10, 0.0)	(15, 0.0)	(20, 0.0)	(25, 0.0)	(30, 0.0)	(35, 0.0)	(40, 0.0)	(45, 0.0)	(50, 0.0)	(55, 0.0)	(60, 0.0)	(65, 0.0)	(70, 0.0)	(75, 0.00021732563421053203)	(80, 0.0015349396110901578)	(85, 0.001778477312187238)	(90, 0.0)	(95, 0.0)	(100, 0.0)	(105, 0.0)	(110, 0.0)	(115, 0.0)	(120, 0.0)	(125, 0.0)	(130, 0.0)	(135, 0.0)	(140, 0.0)	(145, 0.0)	(150, 0.0)
SRR16013056_2.fastq.gz	(1, 0.063)	(2, 0.0)	(3, 0.0)	(4, 0.0)	(5, 0.0)	(6, 0.0)	(7, 0.0)	(8, 0.0)	(9, 0.0)	(10, 0.0)	(15, 0.0)	(20, 0.0)	(25, 0.0)	(30, 0.0)	(35, 0.0012000000000000001)	(40, 0.00039999999999999996)	(45, 0.0)	(50, 0.0)	(55, 0.0)	(60, 0.0)	(65, 0.0006000000000000001)	(70, 0.0)	(75, 0.0)	(80, 0.0)	(85, 0.0)	(90, 0.0)	(95, 0.0)	(100, 0.0)	(105, 0.0)	(110, 0.0)	(115, 0.0)	(120, 0.0)	(125, 0.0)	(130, 0.0)	(135, 0.0)	(140, 0.0)	(145, 0.0)	(150, 0.0)
SRR16013056_2.trimmed.fastq.gz	(1, 0.0513693132564934)	(2, 0.0)	(3, 0.0)	(4, 0.0)	(5, 0.0)	(6, 0.0)	(7, 0.0)	(8, 0.0)	(9, 0.0)	(10, 0.0)	(15, 0.0)	(20, 0.0)	(25, 0.0)	(30, 0.0)	(35, 0.0010703039877385976)	(40, 0.00042819950671416833)	(45, 0.0)	(50, 0.0)	(55, 0.0)	(60, 0.0)	(65, 0.0006454875044377267)	(70, 0.0)	(75, 0.0)	(80, 0.0)	(85, 0.0)	(90, 0.0)	(95, 0.0)	(100, 0.0)	(105, 0.0)	(110, 0.0)	(115, 0.0)	(120, 0.0)	(125, 0.0)	(130, 0.0)	(135, 0.0)	(140, 0.0)	(145, 0.0)	(150, 0.0)
SRR16013070_1.fastq.gz	(1, 0.0)	(2, 0.181)	(3, 0.0)	(4, 0.0)	(5, 0.0)	(6, 0.003)	(7, 0.0)	(8, 0.0)	(9, 0.0)	(10, 0.0)	(15, 0.0)	(20, 0.0)	(25, 0.0)	(30, 0.0)	(35, 0.0)	(40, 0.0)	(45, 0.0)	(50, 0.0)	(55, 0.0)	(60, 0.00039999999999999996)	(65, 0.0028)	(70, 0.0022)	(75, 0.0063999999999999994)	(80, 0.0088)	(85, 0.0088)	(90, 0.0028)	(95, 0.0018)	(100, 0.0031999999999999997)	(105, 0.0036)	(110, 0.0014)	(115, 0.0006000000000000001)	(120, 0.0)	(125, 0.0)	(130, 0.0)	(135, 0.00019999999999999998)	(140, 0.0)	(145, 0.0)	(150, 0.0)
SRR16013070_1.trimmed.fastq.gz	(1, 0.0)	(2, 0.18112163690051483)	(3, 0.0)	(4, 0.0)	(5, 0.0)	(6, 0.0)	(7, 0.0)	(8, 0.0)	(9, 0.0)	(10, 0.0)	(15, 0.0)	(20, 0.0)	(25, 0.0)	(30, 0.0)	(35, 0.0)	(40, 0.0)	(45, 0.0)	(50, 0.0)	(55, 0.0)	(60, 0.0)	(65, 0.0)	(70, 0.0)	(75, 0.0)	(80, 0.0008982264518707812)	(85, 0.0009107468123861566)	(90, 0.0)	(95, 0.0)	(100, 0.0)	(105, 0.0)	(110, 0.0)	(115, 0.0)	(120, 0.0)	(125, 0.0)	(130, 0.0)	(135, 0.0)	(140, 0.0)	(145, 0.0)	(150, 0.0)
SRR16013070_2.fastq.gz	(1, 0.065)	(2, 0.0)	(3, 0.0)	(4, 0.0)	(5, 0.0)	(6, 0.0)	(7, 0.0)	(8, 0.0)	(9, 0.0)	(10, 0.0)	(15, 0.0)	(20, 0.0)	(25, 0.0)	(30, 0.0)	(35, 0.005)	(40, 0.0028)	(45, 0.0)	(50, 0.0)	(55, 0.0)	(60, 0.0)	(65, 0.0014)	(70, 0.0)	(75, 0.0)	(80, 0.0)	(85, 0.0)	(90, 0.0)	(95, 0.0)	(100, 0.0)	(105, 0.0)	(110, 0.0)	(115, 0.0)	(120, 0.0)	(125, 0.0)	(130, 0.0)	(135, 0.0)	(140, 0.0)	(145, 0.0)	(150, 0.0)
SRR16013070_2.trimmed.fastq.gz	(1, 0.055983051405613674)	(2, 0.0)	(3, 0.0)	(4, 0.0)	(5, 0.0)	(6, 0.0)	(7, 0.0)	(8, 0.0)	(9, 0.0)	(10, 0.0)	(15, 0.0)	(20, 0.0)	(25, 0.0)	(30, 0.0)	(35, 0.0015370157302581307)	(40, 0.0008784490104271897)	(45, 0.0)	(50, 0.0)	(55, 0.0)	(60, 0.0)	(65, 0.00022057963917582624)	(70, 0.0)	(75, 0.0)	(80, 0.0)	(85, 0.0)	(90, 0.0)	(95, 0.0)	(100, 0.0)	(105, 0.0)	(110, 0.0)	(115, 0.0)	(120, 0.0)	(125, 0.0)	(130, 0.0)	(135, 0.0)	(140, 0.0)	(145, 0.0)	(150, 0.0)
SRR16013072_1.fastq.gz	(1, 0.0)	(2, 0.09)	(3, 0.0)	(4, 0.0)	(5, 0.0)	(6, 0.001)	(7, 0.0)	(8, 0.0)	(9, 0.0)	(10, 0.0)	(15, 0.0)	(20, 0.0)	(25, 0.0)	(30, 0.0)	(35, 0.0)	(40, 0.0)	(45, 0.0)	(50, 0.0)	(55, 0.0)	(60, 0.00039999999999999996)	(65, 0.0034)	(70, 0.0038000000000000004)	(75, 0.0114)	(80, 0.015799999999999998)	(85, 0.0146)	(90, 0.0036)	(95, 0.0031999999999999997)	(100, 0.0038000000000000004)	(105, 0.0031999999999999997)	(110, 0.0014)	(115, 0.0006000000000000001)	(120, 0.0)	(125, 0.0)	(130, 0.0)	(135, 0.0)	(140, 0.0)	(145, 0.0)	(150, 0.0)
SRR16013072_1.trimmed.fastq.gz	(1, 0.0)	(2, 0.09679699820544892)	(3, 0.0)	(4, 0.0)	(5, 0.0)	(6, 0.0)	(7, 0.0)	(8, 0.0)	(9, 0.0)	(10, 0.0)	(15, 0.0)	(20, 0.0)	(25, 0.0)	(30, 0.0)	(35, 0.0)	(40, 0.0)	(45, 0.0)	(50, 0.0)	(55, 0.0)	(60, 0.0)	(65, 0.0)	(70, 0.0)	(75, 0.0)	(80, 0.001795880250704883)	(85, 0.0009134818502574876)	(90, 0.0)	(95, 0.0)	(100, 0.0)	(105, 0.0)	(110, 0.0)	(115, 0.0)	(120, 0.0)	(125, 0.0)	(130, 0.0)	(135, 0.0)	(140, 0.0)	(145, 0.0)	(150, 0.0)
SRR16013072_2.fastq.gz	(1, 0.059000000000000004)	(2, 0.0)	(3, 0.0)	(4, 0.0)	(5, 0.0)	(6, 0.0)	(7, 0.0)	(8, 0.0)	(9, 0.0)	(10, 0.0)	(15, 0.0)	(20, 0.0)	(25, 0.0)	(30, 0.00019999999999999998)	(35, 0.0024000000000000002)	(40, 0.0014)	(45, 0.0)	(50, 0.0)	(55, 0.0)	(60, 0.0)	(65, 0.001)	(70, 0.0)	(75, 0.0)	(80, 0.0)	(85, 0.0)	(90, 0.0)	(95, 0.0)	(100, 0.0)	(105, 0.0)	(110, 0.0)	(115, 0.0)	(120, 0.0)	(125, 0.0)	(130, 0.0)	(135, 0.0)	(140, 0.0)	(145, 0.0)	(150, 0.0)
SRR16013072_2.trimmed.fastq.gz	(1, 0.04024144869215292)	(2, 0.0)	(3, 0.0)	(4, 0.0)	(5, 0.0)	(6, 0.0)	(7, 0.0)	(8, 0.0)	(9, 0.0)	(10, 0.0)	(15, 0.0)	(20, 0.0)	(25, 0.0)	(30, 0.0)	(35, 0.0017405607216364751)	(40, 0.001088165331487805)	(45, 0.0)	(50, 0.0)	(55, 0.0)	(60, 0.0)	(65, 0.0006572187815601935)	(70, 0.0)	(75, 0.0)	(80, 0.0)	(85, 0.0)	(90, 0.0)	(95, 0.0)	(100, 0.0)	(105, 0.0)	(110, 0.0)	(115, 0.0)	(120, 0.0)	(125, 0.0)	(130, 0.0)	(135, 0.0)	(140, 0.0)	(145, 0.0)	(150, 0.0)
SRR16013073_1.fastq.gz	(1, 0.0)	(2, 0.075)	(3, 0.0)	(4, 0.0)	(5, 0.0)	(6, 0.0)	(7, 0.0)	(8, 0.006)	(9, 0.0)	(10, 0.0)	(15, 0.0)	(20, 0.0)	(25, 0.0)	(30, 0.0)	(35, 0.0)	(40, 0.001)	(45, 0.0006000000000000001)	(50, 0.0)	(55, 0.0)	(60, 0.0)	(65, 0.0)	(70, 0.0)	(75, 0.0)	(80, 0.0)	(85, 0.0)	(90, 0.0)	(95, 0.0)	(100, 0.0)	(105, 0.0)	(110, 0.0)	(115, 0.0)	(120, 0.0)	(125, 0.0)	(130, 0.0)	(135, 0.0)	(140, 0.0012000000000000001)	(145, 0.0007999999999999999)	(150, 0.0)
SRR16013073_1.trimmed.fastq.gz	(1, 0.0)	(2, 0.07603724723125241)	(3, 0.0)	(4, 0.0)	(5, 0.0)	(6, 0.0)	(7, 0.0)	(8, 0.00550994545154003)	(9, 0.0)	(10, 0.0)	(15, 0.0)	(20, 0.0)	(25, 0.0)	(30, 0.0)	(35, 0.0)	(40, 0.0008818264389202917)	(45, 0.0004410415637569685)	(50, 0.0)	(55, 0.0)	(60, 0.0)	(65, 0.0)	(70, 0.0)	(75, 0.0)	(80, 0.0)	(85, 0.0)	(90, 0.0)	(95, 0.0)	(100, 0.0)	(105, 0.0)	(110, 0.0)	(115, 0.0)	(120, 0.0)	(125, 0.0)	(130, 0.0)	(135, 0.0)	(140, 0.0)	(145, 0.0)	(150, 0.0)
SRR16013073_2.fastq.gz	(1, 0.13699999999999998)	(2, 0.0)	(3, 0.0)	(4, 0.0)	(5, 0.0)	(6, 0.0)	(7, 0.006)	(8, 0.0)	(9, 0.0)	(10, 0.001)	(15, 0.0102)	(20, 0.00039999999999999996)	(25, 0.0186)	(30, 0.0072)	(35, 0.014799999999999999)	(40, 0.0)	(45, 0.001)	(50, 0.0)	(55, 0.0042)	(60, 0.0014)	(65, 0.0138)	(70, 0.0014)	(75, 0.001)	(80, 0.0)	(85, 0.0012000000000000001)	(90, 0.0022)	(95, 0.0)	(100, 0.0)	(105, 0.0012000000000000001)	(110, 0.0012000000000000001)	(115, 0.0012000000000000001)	(120, 0.0012000000000000001)	(125, 0.0)	(130, 0.0)	(135, 0.01)	(140, 0.0)	(145, 0.0)	(150, 0.0)
SRR16013073_2.trimmed.fastq.gz	(1, 0.13995261446911675)	(2, 0.0)	(3, 0.0)	(4, 0.0)	(5, 0.0)	(6, 0.0)	(7, 0.0)	(8, 0.0)	(9, 0.0)	(10, 0.0)	(15, 0.0008815912722464048)	(20, 0.0)	(25, 0.0006611934541848036)	(30, 0.00044080923759838315)	(35, 0.0006612838164011612)	(40, 0.0)	(45, 0.0)	(50, 0.0)	(55, 0.0)	(60, 0.0)	(65, 0.0004440684664761613)	(70, 0.0)	(75, 0.0)	(80, 0.0)	(85, 0.0)	(90, 0.0)	(95, 0.0)	(100, 0.0)	(105, 0.0)	(110, 0.0)	(115, 0.0)	(120, 0.0)	(125, 0.0)	(130, 0.0)	(135, 0.0008138981243717724)	(140, 0.0)	(145, 0.0)	(150, 0.0)
SRR16013074_1.fastq.gz	(1, 0.0)	(2, 0.0)	(3, 0.0)	(4, 0.004)	(5, 0.0)	(6, 0.002)	(7, 0.0)	(8, 0.0)	(9, 0.0)	(10, 0.0)	(15, 0.0)	(20, 0.0)	(25, 0.0)	(30, 0.0)	(35, 0.0)	(40, 0.0)	(45, 0.0)	(50, 0.0)	(55, 0.0)	(60, 0.0)	(65, 0.0)	(70, 0.0)	(75, 0.0)	(80, 0.0)	(85, 0.0)	(90, 0.0)	(95, 0.0)	(100, 0.0)	(105, 0.0)	(110, 0.0)	(115, 0.0)	(120, 0.0)	(125, 0.0)	(130, 0.0)	(135, 0.0)	(140, 0.0)	(145, 0.0)	(150, 0.0)
SRR16013074_1.trimmed.fastq.gz	(1, 0.0)	(2, 0.0)	(3, 0.0)	(4, 0.00441306266548985)	(5, 0.0)	(6, 0.002206531332744925)	(7, 0.0)	(8, 0.0)	(9, 0.0)	(10, 0.0)	(15, 0.0)	(20, 0.0)	(25, 0.0)	(30, 0.0)	(35, 0.0)	(40, 0.0)	(45, 0.0)	(50, 0.0)	(55, 0.0)	(60, 0.0)	(65, 0.0)	(70, 0.0)	(75, 0.0)	(80, 0.0)	(85, 0.0)	(90, 0.0)	(95, 0.0)	(100, 0.0)	(105, 0.0)	(110, 0.0)	(115, 0.0)	(120, 0.0)	(125, 0.0)	(130, 0.0)	(135, 0.0)	(140, 0.0)	(145, 0.0)	(150, 0.0)
SRR16013074_2.fastq.gz	(1, 0.381)	(2, 0.002)	(3, 0.0)	(4, 0.0)	(5, 0.0)	(6, 0.0)	(7, 0.0)	(8, 0.0)	(9, 0.0)	(10, 0.0)	(15, 0.0)	(20, 0.0)	(25, 0.0)	(30, 0.0)	(35, 0.0)	(40, 0.0)	(45, 0.0)	(50, 0.0)	(55, 0.0)	(60, 0.0)	(65, 0.0)	(70, 0.0)	(75, 0.0)	(80, 0.0)	(85, 0.0)	(90, 0.0)	(95, 0.0)	(100, 0.0)	(105, 0.0)	(110, 0.0)	(115, 0.0)	(120, 0.0)	(125, 0.0)	(130, 0.0)	(135, 0.0)	(140, 0.0)	(145, 0.0)	(150, 0.0)
SRR16013074_2.trimmed.fastq.gz	(1, 0.38172992056487204)	(2, 0.002206531332744925)	(3, 0.0)	(4, 0.0)	(5, 0.0)	(6, 0.0)	(7, 0.0)	(8, 0.0)	(9, 0.0)	(10, 0.0)	(15, 0.0)	(20, 0.0)	(25, 0.0)	(30, 0.0)	(35, 0.0)	(40, 0.0)	(45, 0.0)	(50, 0.0)	(55, 0.0)	(60, 0.0)	(65, 0.0)	(70, 0.0)	(75, 0.0)	(80, 0.0)	(85, 0.0)	(90, 0.0)	(95, 0.0)	(100, 0.0)	(105, 0.0)	(110, 0.0)	(115, 0.0)	(120, 0.0)	(125, 0.0)	(130, 0.0)	(135, 0.0)	(140, 0.0)	(145, 0.0)	(150, 0.0)
SRR16013082_1.fastq.gz	(1, 0.0)	(2, 0.093)	(3, 0.0)	(4, 0.0)	(5, 0.0)	(6, 0.002)	(7, 0.0)	(8, 0.0)	(9, 0.0)	(10, 0.0)	(15, 0.0)	(20, 0.0)	(25, 0.0)	(30, 0.0)	(35, 0.0)	(40, 0.0)	(45, 0.0)	(50, 0.0)	(55, 0.0)	(60, 0.0006000000000000001)	(65, 0.0038000000000000004)	(70, 0.0031999999999999997)	(75, 0.009600000000000001)	(80, 0.0112)	(85, 0.010799999999999999)	(90, 0.0046)	(95, 0.0038000000000000004)	(100, 0.0058)	(105, 0.005)	(110, 0.0018)	(115, 0.0007999999999999999)	(120, 0.0)	(125, 0.0)	(130, 0.0)	(135, 0.0)	(140, 0.0)	(145, 0.0)	(150, 0.0)
SRR16013082_1.trimmed.fastq.gz	(1, 0.0)	(2, 0.09119682420471005)	(3, 0.0)	(4, 0.0)	(5, 0.0)	(6, 0.0)	(7, 0.0)	(8, 0.0)	(9, 0.0)	(10, 0.0)	(15, 0.0)	(20, 0.0)	(25, 0.0)	(30, 0.0)	(35, 0.0)	(40, 0.0)	(45, 0.0)	(50, 0.0)	(55, 0.0)	(60, 0.0)	(65, 0.0)	(70, 0.0)	(75, 0.0)	(80, 0.00131639570854999)	(85, 0.0008890647261347245)	(90, 0.0)	(95, 0.0)	(100, 0.0)	(105, 0.0)	(110, 0.0)	(115, 0.0)	(120, 0.0)	(125, 0.0)	(130, 0.0)	(135, 0.0)	(140, 0.0)	(145, 0.0)	(150, 0.0)
SRR16013082_2.fastq.gz	(1, 0.055999999999999994)	(2, 0.0)	(3, 0.0)	(4, 0.0)	(5, 0.0)	(6, 0.0)	(7, 0.0)	(8, 0.0)	(9, 0.0)	(10, 0.0)	(15, 0.00019999999999999998)	(20, 0.0)	(25, 0.0)	(30, 0.0)	(35, 0.0044)	(40, 0.002)	(45, 0.0)	(50, 0.0)	(55, 0.0)	(60, 0.0)	(65, 0.0018)	(70, 0.0)	(75, 0.0)	(80, 0.0)	(85, 0.0)	(90, 0.0)	(95, 0.0)	(100, 0.0)	(105, 0.0)	(110, 0.0)	(115, 0.00039999999999999996)	(120, 0.0)	(125, 0.0)	(130, 0.0)	(135, 0.0)	(140, 0.0)	(145, 0.0)	(150, 0.0)
SRR16013082_2.trimmed.fastq.gz	(1, 0.046134864009441556)	(2, 0.0)	(3, 0.0)	(4, 0.0)	(5, 0.0)	(6, 0.0)	(7, 0.0)	(8, 0.0)	(9, 0.0)	(10, 0.0)	(15, 0.0)	(20, 0.0)	(25, 0.0)	(30, 0.0)	(35, 0.001716775038090946)	(40, 0.0006438818348056765)	(45, 0.0)	(50, 0.0)	(55, 0.0)	(60, 0.0)	(65, 0.0002155627697229156)	(70, 0.0)	(75, 0.0)	(80, 0.0)	(85, 0.0)	(90, 0.0)	(95, 0.0)	(100, 0.0)	(105, 0.0)	(110, 0.0)	(115, 0.0)	(120, 0.0)	(125, 0.0)	(130, 0.0)	(135, 0.0)	(140, 0.0)	(145, 0.0)	(150, 0.0)
SRR16013083_1.fastq.gz	(1, 0.0)	(2, 0.006)	(3, 0.002)	(4, 0.004)	(5, 0.0)	(6, 0.002)	(7, 0.0)	(8, 0.0)	(9, 0.0)	(10, 0.0)	(15, 0.0)	(20, 0.0)	(25, 0.0)	(30, 0.0)	(35, 0.0)	(40, 0.0)	(45, 0.0)	(50, 0.0)	(55, 0.0)	(60, 0.0)	(65, 0.0006000000000000001)	(70, 0.0)	(75, 0.0)	(80, 0.0)	(85, 0.0006000000000000001)	(90, 0.0036)	(95, 0.001)	(100, 0.0)	(105, 0.0)	(110, 0.0)	(115, 0.002)	(120, 0.001)	(125, 0.0)	(130, 0.0)	(135, 0.0)	(140, 0.0012000000000000001)	(145, 0.0006000000000000001)	(150, 0.0)
SRR16013083_1.trimmed.fastq.gz	(1, 0.0)	(2, 0.006515931452401121)	(3, 0.0021719771508003738)	(4, 0.0032579657262005604)	(5, 0.0)	(6, 0.0021719771508003738)	(7, 0.0)	(8, 0.0)	(9, 0.0)	(10, 0.0)	(15, 0.0)	(20, 0.0)	(25, 0.0)	(30, 0.0)	(35, 0.0)	(40, 0.0)	(45, 0.0)	(50, 0.0)	(55, 0.0)	(60, 0.0)	(65, 0.0)	(70, 0.0)	(75, 0.0)	(80, 0.0)	(85, 0.0)	(90, 0.00023050981856572182)	(95, 0.00023768325378867105)	(100, 0.0)	(105, 0.0)	(110, 0.0)	(115, 0.0)	(120, 0.0003093102381688834)	(125, 0.0)	(130, 0.0)	(135, 0.0)	(140, 0.0)	(145, 0.0)	(150, 0.0)
SRR16013083_2.fastq.gz	(1, 0.376)	(2, 0.0)	(3, 0.0)	(4, 0.0)	(5, 0.0)	(6, 0.0)	(7, 0.0)	(8, 0.0)	(9, 0.0)	(10, 0.0)	(15, 0.0)	(20, 0.0)	(25, 0.0)	(30, 0.0006000000000000001)	(35, 0.0007999999999999999)	(40, 0.0)	(45, 0.0)	(50, 0.0)	(55, 0.0)	(60, 0.0006000000000000001)	(65, 0.0)	(70, 0.0)	(75, 0.0)	(80, 0.0)	(85, 0.0012000000000000001)	(90, 0.0)	(95, 0.0)	(100, 0.0)	(105, 0.0)	(110, 0.0)	(115, 0.0)	(120, 0.0)	(125, 0.0)	(130, 0.0)	(135, 0.0)	(140, 0.0)	(145, 0.0)	(150, 0.0)
SRR16013083_2.trimmed.fastq.gz	(1, 0.3572902413066614)	(2, 0.0)	(3, 0.0)	(4, 0.0)	(5, 0.0)	(6, 0.0)	(7, 0.0)	(8, 0.0)	(9, 0.0)	(10, 0.0)	(15, 0.0)	(20, 0.0)	(25, 0.0)	(30, 0.0)	(35, 0.0002172331019800797)	(40, 0.0)	(45, 0.0)	(50, 0.0)	(55, 0.0)	(60, 0.0)	(65, 0.0)	(70, 0.0)	(75, 0.0)	(80, 0.0)	(85, 0.0)	(90, 0.0)	(95, 0.0)	(100, 0.0)	(105, 0.0)	(110, 0.0)	(115, 0.0)	(120, 0.0)	(125, 0.0)	(130, 0.0)	(135, 0.0)	(140, 0.0)	(145, 0.0)	(150, 0.0)
SRR16013084_1.fastq.gz	(1, 0.0)	(2, 0.052)	(3, 0.0)	(4, 0.0)	(5, 0.0)	(6, 0.0)	(7, 0.0)	(8, 0.004)	(9, 0.0)	(10, 0.0)	(15, 0.0)	(20, 0.0)	(25, 0.0)	(30, 0.0)	(35, 0.0)	(40, 0.00039999999999999996)	(45, 0.00019999999999999998)	(50, 0.0)	(55, 0.0)	(60, 0.0)	(65, 0.0)	(70, 0.0)	(75, 0.0)	(80, 0.0)	(85, 0.0)	(90, 0.0)	(95, 0.0)	(100, 0.0)	(105, 0.0)	(110, 0.0)	(115, 0.0)	(120, 0.0)	(125, 0.0)	(130, 0.0)	(135, 0.0)	(140, 0.0022)	(145, 0.00039999999999999996)	(150, 0.0)
SRR16013084_1.trimmed.fastq.gz	(1, 0.0)	(2, 0.04777571473555056)	(3, 0.0)	(4, 0.0)	(5, 0.0)	(6, 0.0)	(7, 0.0)	(8, 0.00434324679414096)	(9, 0.0)	(10, 0.0)	(15, 0.0)	(20, 0.0)	(25, 0.0)	(30, 0.0)	(35, 0.0)	(40, 0.00043444827241644475)	(45, 0.00021727794194333392)	(50, 0.0)	(55, 0.0)	(60, 0.0)	(65, 0.0)	(70, 0.0)	(75, 0.0)	(80, 0.0)	(85, 0.0)	(90, 0.0)	(95, 0.0)	(100, 0.0)	(105, 0.0)	(110, 0.0)	(115, 0.0)	(120, 0.0)	(125, 0.0)	(130, 0.0)	(135, 0.0)	(140, 0.0)	(145, 0.0)	(150, 0.0)
SRR16013084_2.fastq.gz	(1, 0.106)	(2, 0.0)	(3, 0.0)	(4, 0.0)	(5, 0.0)	(6, 0.0)	(7, 0.01)	(8, 0.0)	(9, 0.0)	(10, 0.0015999999999999999)	(15, 0.013999999999999999)	(20, 0.0)	(25, 0.0218)	(30, 0.0086)	(35, 0.018000000000000002)	(40, 0.0)	(45, 0.001)	(50, 0.0)	(55, 0.005)	(60, 0.0026)	(65, 0.0164)	(70, 0.0022)	(75, 0.0014)	(80, 0.0)	(85, 0.0022)	(90, 0.003)	(95, 0.0)	(100, 0.0)	(105, 0.0026)	(110, 0.002)	(115, 0.0022)	(120, 0.0015999999999999999)	(125, 0.0)	(130, 0.0)	(135, 0.013200000000000002)	(140, 0.0)	(145, 0.0)	(150, 0.0)
SRR16013084_2.trimmed.fastq.gz	(1, 0.10532373475791827)	(2, 0.0)	(3, 0.0)	(4, 0.0)	(5, 0.0)	(6, 0.0)	(7, 0.0)	(8, 0.0)	(9, 0.0)	(10, 0.0)	(15, 0.0015201363779493362)	(20, 0.0)	(25, 0.00021716233970704802)	(30, 0.00021716422610270562)	(35, 0.0010859296100426772)	(40, 0.0)	(45, 0.0)	(50, 0.0)	(55, 0.0)	(60, 0.0)	(65, 0.00021826960224730383)	(70, 0.0)	(75, 0.0)	(80, 0.0)	(85, 0.0)	(90, 0.0)	(95, 0.0)	(100, 0.0)	(105, 0.0)	(110, 0.0)	(115, 0.0)	(120, 0.0)	(125, 0.0)	(130, 0.0)	(135, 0.0003752331135718065)	(140, 0.0)	(145, 0.0)	(150, 0.0)
SRR16013090_1.fastq.gz	(1, 0.0)	(2, 0.14400000000000002)	(3, 0.0)	(4, 0.0)	(5, 0.0)	(6, 0.003)	(7, 0.0)	(8, 0.0)	(9, 0.0)	(10, 0.0)	(15, 0.0)	(20, 0.0)	(25, 0.0)	(30, 0.0)	(35, 0.0)	(40, 0.0)	(45, 0.0)	(50, 0.0)	(55, 0.0)	(60, 0.00019999999999999998)	(65, 0.0031999999999999997)	(70, 0.003)	(75, 0.0118)	(80, 0.015)	(85, 0.015)	(90, 0.0036)	(95, 0.0026)	(100, 0.004)	(105, 0.0031999999999999997)	(110, 0.0007999999999999999)	(115, 0.0006000000000000001)	(120, 0.0)	(125, 0.0)	(130, 0.0)	(135, 0.0)	(140, 0.0)	(145, 0.0)	(150, 0.0)
SRR16013090_1.trimmed.fastq.gz	(1, 0.0)	(2, 0.14091176844269396)	(3, 0.0)	(4, 0.0)	(5, 0.0)	(6, 0.0011550144954319177)	(7, 0.0)	(8, 0.0)	(9, 0.0)	(10, 0.0)	(15, 0.0)	(20, 0.0)	(25, 0.0)	(30, 0.0)	(35, 0.0)	(40, 0.0)	(45, 0.0)	(50, 0.0)	(55, 0.0)	(60, 0.0)	(65, 0.0002325803157975528)	(70, 0.0002337519050780264)	(75, 0.000471222445267513)	(80, 0.0014308744550753118)	(85, 0.0012143497278642261)	(90, 0.0)	(95, 0.0)	(100, 0.0)	(105, 0.0)	(110, 0.0)	(115, 0.0)	(120, 0.0)	(125, 0.0)	(130, 0.0)	(135, 0.0)	(140, 0.0)	(145, 0.0)	(150, 0.0)
SRR16013090_2.fastq.gz	(1, 0.065)	(2, 0.0)	(3, 0.0)	(4, 0.0)	(5, 0.0)	(6, 0.0)	(7, 0.0)	(8, 0.0)	(9, 0.0)	(10, 0.0)	(15, 0.0)	(20, 0.0)	(25, 0.0)	(30, 0.0)	(35, 0.003)	(40, 0.0015999999999999999)	(45, 0.0)	(50, 0.0)	(55, 0.0)	(60, 0.0)	(65, 0.0014)	(70, 0.0)	(75, 0.0)	(80, 0.0)	(85, 0.0)	(90, 0.0)	(95, 0.0)	(100, 0.0)	(105, 0.0)	(110, 0.0)	(115, 0.0)	(120, 0.0)	(125, 0.0)	(130, 0.0)	(135, 0.0)	(140, 0.0)	(145, 0.0)	(150, 0.0)
SRR16013090_2.trimmed.fastq.gz	(1, 0.05544069578073205)	(2, 0.0)	(3, 0.0)	(4, 0.0)	(5, 0.0)	(6, 0.0)	(7, 0.0)	(8, 0.0)	(9, 0.0)	(10, 0.0)	(15, 0.0)	(20, 0.0)	(25, 0.0)	(30, 0.0)	(35, 0.0018481085763788624)	(40, 0.0006931207762952694)	(45, 0.0)	(50, 0.0)	(55, 0.0)	(60, 0.0)	(65, 0.0006976663062057419)	(70, 0.0)	(75, 0.0)	(80, 0.0)	(85, 0.0)	(90, 0.0)	(95, 0.0)	(100, 0.0)	(105, 0.0)	(110, 0.0)	(115, 0.0)	(120, 0.0)	(125, 0.0)	(130, 0.0)	(135, 0.0)	(140, 0.0)	(145, 0.0)	(150, 0.0)
