Sample	0	1	2	3	4	5	6	7	8	9	10	11	12	13	14	15	16	17	18	19	20	21	22	23	24	25	26	27	28	29	30	31	32	33	34	35	36	37	38	39	40	41	42	43	44	45	46	47	48	49	50	51	52	53	54	55	56	57	58	59	60	61	62	63	64	65	66	67	68	69	70	71	72	73	74	75	76	77	78	79	80	81	82	83	84	85	86	87	88	89	90	91	92	93	94	95	96	97	98	99	100	101	102	103	104	105	106	107	108	109	110	111	112	113	114	115	116	117	118	119	120	121	122	123	124	125	126	127	128	129	130	131	132	133	134	135	136	137	138	139	140	141	142	143	144	145	146	147	148	149
SRR16013048_1.fastq.gz_SRR16013048_2.fastq.gz	(1, 36.3528)	(2, 36.1666)	(3, 36.1643)	(4, 36.1735)	(5, 36.1466)	(6, 36.1323)	(7, 36.1407)	(8, 36.1738)	(9, 36.1802)	(10, 36.1393)	(11, 36.1952)	(12, 36.1711)	(13, 36.1624)	(14, 36.1668)	(15, 36.1536)	(16, 36.1257)	(17, 36.1365)	(18, 36.1317)	(19, 36.1634)	(20, 36.152)	(21, 36.1538)	(22, 36.1375)	(23, 36.1238)	(24, 36.1139)	(25, 36.1178)	(26, 36.1151)	(27, 36.0832)	(28, 36.0474)	(29, 36.0435)	(30, 36.0075)	(31, 36.02)	(32, 35.9966)	(33, 35.9877)	(34, 36.0015)	(35, 35.9952)	(36, 36.0118)	(37, 36.0159)	(38, 36.0003)	(39, 36.0016)	(40, 35.9932)	(41, 35.9971)	(42, 35.9859)	(43, 36.0247)	(44, 36.0033)	(45, 36.0046)	(46, 36.033)	(47, 35.9983)	(48, 36.0009)	(49, 35.9823)	(50, 36.0055)	(51, 35.9988)	(52, 35.9691)	(53, 35.9791)	(54, 35.9845)	(55, 36.001)	(56, 35.9909)	(57, 36.0064)	(58, 35.9627)	(59, 35.958)	(60, 35.9681)	(61, 35.9165)	(62, 35.9587)	(63, 35.9307)	(64, 35.8957)	(65, 35.8543)	(66, 35.9022)	(67, 35.8746)	(68, 35.9054)	(69, 35.9493)	(70, 35.899)	(71, 35.8813)	(72, 35.8868)	(73, 35.9257)	(74, 35.8416)	(75, 35.8945)	(76, 35.8818)	(77, 35.8932)	(78, 35.904)	(79, 35.9134)	(80, 35.8715)	(81, 35.9094)	(82, 35.8249)	(83, 35.8302)	(84, 35.868)	(85, 35.8396)	(86, 35.8934)	(87, 35.8475)	(88, 35.8706)	(89, 35.7841)	(90, 35.8066)	(91, 35.8212)	(92, 35.8132)	(93, 35.7592)	(94, 35.7199)	(95, 35.8024)	(96, 35.7811)	(97, 35.8765)	(98, 35.7948)	(99, 35.7928)	(100, 35.7982)	(101, 35.7765)	(102, 35.8015)	(103, 35.7067)	(104, 35.7227)	(105, 35.6954)	(106, 35.7232)	(107, 35.7315)	(108, 35.6795)	(109, 35.7389)	(110, 35.657)	(111, 35.6252)	(112, 35.5601)	(113, 35.7118)	(114, 35.6674)	(115, 35.5981)	(116, 35.6254)	(117, 35.6417)	(118, 35.5654)	(119, 35.6347)	(120, 35.6494)	(121, 35.6021)	(122, 35.5831)	(123, 35.6237)	(124, 35.6454)	(125, 35.5978)	(126, 35.6477)	(127, 35.6302)	(128, 35.5848)	(129, 35.5405)	(130, 35.541)	(131, 35.4984)	(132, 35.5342)	(133, 35.4962)	(134, 35.4597)	(135, 35.4962)	(136, 35.4807)	(137, 35.4162)	(138, 35.3703)	(139, 35.4042)	(140, 35.2662)	(141, 35.3244)	(142, 35.3452)	(143, 35.253)	(144, 35.1654)	(145, 35.1965)	(146, 35.2372)	(147, 35.2059)	(148, 35.1632)	(149, 35.1039)	(150, 35.1078)
SRR16013050_1.fastq.gz_SRR16013050_2.fastq.gz	(1, 36.4146)	(2, 36.2566)	(3, 36.2835)	(4, 36.2426)	(5, 36.2565)	(6, 36.2211)	(7, 36.2538)	(8, 36.2715)	(9, 36.2878)	(10, 36.2362)	(11, 36.3353)	(12, 36.2442)	(13, 36.2755)	(14, 36.2457)	(15, 36.2487)	(16, 36.2592)	(17, 36.2284)	(18, 36.2536)	(19, 36.2691)	(20, 36.2404)	(21, 36.2431)	(22, 36.2401)	(23, 36.2098)	(24, 36.2174)	(25, 36.2235)	(26, 36.179)	(27, 36.1469)	(28, 36.1306)	(29, 36.12)	(30, 36.1138)	(31, 36.1189)	(32, 36.105)	(33, 36.0862)	(34, 36.1001)	(35, 36.0634)	(36, 36.0714)	(37, 36.1117)	(38, 36.0781)	(39, 36.0676)	(40, 36.1069)	(41, 36.0911)	(42, 36.0988)	(43, 36.0992)	(44, 36.0856)	(45, 36.0753)	(46, 36.1076)	(47, 36.1126)	(48, 36.1015)	(49, 36.0836)	(50, 36.0548)	(51, 36.0842)	(52, 36.0469)	(53, 36.0555)	(54, 36.0652)	(55, 36.0705)	(56, 36.0531)	(57, 36.1108)	(58, 36.0395)	(59, 36.0388)	(60, 36.0643)	(61, 36.0361)	(62, 36.0881)	(63, 36.0031)	(64, 36.0005)	(65, 35.9488)	(66, 36.0021)	(67, 35.9781)	(68, 35.9816)	(69, 36.0161)	(70, 36.0266)	(71, 35.9604)	(72, 35.9835)	(73, 36.0029)	(74, 35.9699)	(75, 35.9926)	(76, 35.9861)	(77, 35.9625)	(78, 35.9848)	(79, 36.0077)	(80, 35.9637)	(81, 35.9697)	(82, 35.9342)	(83, 35.9313)	(84, 35.9439)	(85, 35.9881)	(86, 35.9804)	(87, 35.9557)	(88, 35.952)	(89, 35.8905)	(90, 35.9352)	(91, 35.9317)	(92, 35.9133)	(93, 35.8842)	(94, 35.8432)	(95, 35.9051)	(96, 35.8727)	(97, 35.9524)	(98, 35.9433)	(99, 35.907)	(100, 35.8834)	(101, 35.9109)	(102, 35.8813)	(103, 35.8194)	(104, 35.8498)	(105, 35.8307)	(106, 35.848)	(107, 35.8682)	(108, 35.8377)	(109, 35.8734)	(110, 35.8088)	(111, 35.7441)	(112, 35.7141)	(113, 35.7909)	(114, 35.811)	(115, 35.6899)	(116, 35.7613)	(117, 35.749)	(118, 35.6791)	(119, 35.7597)	(120, 35.7625)	(121, 35.7491)	(122, 35.7602)	(123, 35.7695)	(124, 35.7343)	(125, 35.8139)	(126, 35.794)	(127, 35.7639)	(128, 35.7125)	(129, 35.6753)	(130, 35.731)	(131, 35.6684)	(132, 35.7239)	(133, 35.6595)	(134, 35.6212)	(135, 35.7011)	(136, 35.6435)	(137, 35.5781)	(138, 35.5074)	(139, 35.5419)	(140, 35.4962)	(141, 35.5127)	(142, 35.5622)	(143, 35.4538)	(144, 35.359)	(145, 35.3862)	(146, 35.4354)	(147, 35.45)	(148, 35.3952)	(149, 35.2713)	(150, 35.3057)
SRR16013054_1.fastq.gz_SRR16013054_2.fastq.gz	(1, 36.3519)	(2, 36.133)	(3, 36.1902)	(4, 36.1951)	(5, 36.1931)	(6, 36.1747)	(7, 36.1495)	(8, 36.2315)	(9, 36.2263)	(10, 36.176)	(11, 36.2605)	(12, 36.1981)	(13, 36.1923)	(14, 36.2027)	(15, 36.1786)	(16, 36.1835)	(17, 36.1513)	(18, 36.1865)	(19, 36.1906)	(20, 36.1756)	(21, 36.1858)	(22, 36.1784)	(23, 36.121)	(24, 36.1452)	(25, 36.1376)	(26, 36.1262)	(27, 36.0792)	(28, 36.0449)	(29, 36.0385)	(30, 36.027)	(31, 36.0317)	(32, 36.0192)	(33, 36.023)	(34, 36.008)	(35, 35.9837)	(36, 35.9984)	(37, 36.0148)	(38, 36.0084)	(39, 35.982)	(40, 35.9953)	(41, 36.013)	(42, 36.0123)	(43, 36.0259)	(44, 36.0202)	(45, 35.9808)	(46, 36.0257)	(47, 36.0198)	(48, 35.9887)	(49, 35.9932)	(50, 35.9709)	(51, 35.9794)	(52, 35.9661)	(53, 35.967)	(54, 35.9995)	(55, 35.9607)	(56, 35.9818)	(57, 35.9873)	(58, 35.9601)	(59, 35.9787)	(60, 35.9567)	(61, 35.9351)	(62, 35.9547)	(63, 35.8706)	(64, 35.8771)	(65, 35.8334)	(66, 35.8926)	(67, 35.8588)	(68, 35.8646)	(69, 35.8892)	(70, 35.8698)	(71, 35.8629)	(72, 35.8879)	(73, 35.8811)	(74, 35.8423)	(75, 35.8631)	(76, 35.8588)	(77, 35.8368)	(78, 35.8608)	(79, 35.8734)	(80, 35.8552)	(81, 35.894)	(82, 35.7964)	(83, 35.8041)	(84, 35.8458)	(85, 35.8404)	(86, 35.8495)	(87, 35.8411)	(88, 35.8275)	(89, 35.726)	(90, 35.7752)	(91, 35.8124)	(92, 35.7568)	(93, 35.7291)	(94, 35.6872)	(95, 35.7618)	(96, 35.7592)	(97, 35.8238)	(98, 35.7978)	(99, 35.7474)	(100, 35.6984)	(101, 35.7743)	(102, 35.7194)	(103, 35.6706)	(104, 35.6581)	(105, 35.6707)	(106, 35.7303)	(107, 35.6927)	(108, 35.6782)	(109, 35.7314)	(110, 35.6271)	(111, 35.6188)	(112, 35.57)	(113, 35.6218)	(114, 35.5969)	(115, 35.4955)	(116, 35.5963)	(117, 35.6324)	(118, 35.5328)	(119, 35.6019)	(120, 35.6116)	(121, 35.5593)	(122, 35.576)	(123, 35.6015)	(124, 35.5993)	(125, 35.5581)	(126, 35.5999)	(127, 35.5541)	(128, 35.5128)	(129, 35.443)	(130, 35.4915)	(131, 35.466)	(132, 35.5181)	(133, 35.4669)	(134, 35.471)	(135, 35.4897)	(136, 35.4688)	(137, 35.4081)	(138, 35.26)	(139, 35.3479)	(140, 35.239)	(141, 35.2531)	(142, 35.3741)	(143, 35.2395)	(144, 35.1091)	(145, 35.1491)	(146, 35.2176)	(147, 35.1567)	(148, 35.1736)	(149, 35.0432)	(150, 35.1147)
SRR16013056_1.fastq.gz_SRR16013056_2.fastq.gz	(1, 36.3969)	(2, 36.1999)	(3, 36.2402)	(4, 36.2371)	(5, 36.2162)	(6, 36.1854)	(7, 36.2168)	(8, 36.2706)	(9, 36.2623)	(10, 36.2212)	(11, 36.2838)	(12, 36.2429)	(13, 36.2308)	(14, 36.2215)	(15, 36.2234)	(16, 36.225)	(17, 36.1851)	(18, 36.2121)	(19, 36.241)	(20, 36.2119)	(21, 36.2103)	(22, 36.2132)	(23, 36.1815)	(24, 36.1885)	(25, 36.1935)	(26, 36.1873)	(27, 36.1345)	(28, 36.0819)	(29, 36.1149)	(30, 36.0825)	(31, 36.0864)	(32, 36.04)	(33, 36.0537)	(34, 36.0539)	(35, 36.0359)	(36, 36.06)	(37, 36.0844)	(38, 36.0485)	(39, 36.0493)	(40, 36.069)	(41, 36.0376)	(42, 36.0479)	(43, 36.092)	(44, 36.0646)	(45, 36.0249)	(46, 36.0716)	(47, 36.088)	(48, 36.0738)	(49, 36.0416)	(50, 36.0448)	(51, 36.0566)	(52, 36.0345)	(53, 36.0448)	(54, 36.051)	(55, 36.0595)	(56, 36.0328)	(57, 36.0373)	(58, 36.0363)	(59, 36.0127)	(60, 36.0456)	(61, 36.0495)	(62, 36.0298)	(63, 35.9912)	(64, 35.9764)	(65, 35.9343)	(66, 35.9467)	(67, 35.9393)	(68, 35.9557)	(69, 35.9942)	(70, 35.9676)	(71, 35.9354)	(72, 35.9695)	(73, 35.9602)	(74, 35.9226)	(75, 35.9513)	(76, 35.9304)	(77, 35.9245)	(78, 35.9341)	(79, 35.9536)	(80, 35.928)	(81, 35.9704)	(82, 35.8858)	(83, 35.9186)	(84, 35.9122)	(85, 35.9581)	(86, 35.9356)	(87, 35.9118)	(88, 35.9102)	(89, 35.8256)	(90, 35.8918)	(91, 35.9123)	(92, 35.8749)	(93, 35.8383)	(94, 35.8089)	(95, 35.8529)	(96, 35.8499)	(97, 35.9054)	(98, 35.8922)	(99, 35.855)	(100, 35.8518)	(101, 35.8374)	(102, 35.8344)	(103, 35.7768)	(104, 35.7937)	(105, 35.778)	(106, 35.7914)	(107, 35.8179)	(108, 35.7661)	(109, 35.8095)	(110, 35.7501)	(111, 35.6582)	(112, 35.6803)	(113, 35.7411)	(114, 35.711)	(115, 35.6325)	(116, 35.7055)	(117, 35.7488)	(118, 35.6087)	(119, 35.7162)	(120, 35.7177)	(121, 35.6918)	(122, 35.6819)	(123, 35.6994)	(124, 35.7106)	(125, 35.6872)	(126, 35.6802)	(127, 35.6991)	(128, 35.6763)	(129, 35.6476)	(130, 35.6371)	(131, 35.5984)	(132, 35.6675)	(133, 35.6102)	(134, 35.5521)	(135, 35.5675)	(136, 35.5507)	(137, 35.5013)	(138, 35.4147)	(139, 35.4691)	(140, 35.3744)	(141, 35.3876)	(142, 35.4502)	(143, 35.337)	(144, 35.2594)	(145, 35.2928)	(146, 35.2967)	(147, 35.3251)	(148, 35.3014)	(149, 35.2359)	(150, 35.1797)
SRR16013070_1.fastq.gz_SRR16013070_2.fastq.gz	(1, 36.344)	(2, 36.1346)	(3, 36.1599)	(4, 36.1627)	(5, 36.1266)	(6, 36.1013)	(7, 36.107)	(8, 36.1155)	(9, 36.1402)	(10, 36.0877)	(11, 36.1704)	(12, 36.1056)	(13, 36.1161)	(14, 36.0995)	(15, 36.1023)	(16, 36.1148)	(17, 36.0794)	(18, 36.0846)	(19, 36.1126)	(20, 36.0948)	(21, 36.0982)	(22, 36.0984)	(23, 36.0419)	(24, 36.0602)	(25, 36.0583)	(26, 36.0483)	(27, 36.0177)	(28, 36.0054)	(29, 35.9919)	(30, 35.9784)	(31, 35.9638)	(32, 35.9398)	(33, 35.9658)	(34, 35.9473)	(35, 35.9223)	(36, 35.9683)	(37, 35.9498)	(38, 35.9704)	(39, 35.9368)	(40, 35.9745)	(41, 35.9871)	(42, 35.927)	(43, 35.9658)	(44, 36.0051)	(45, 35.962)	(46, 35.9699)	(47, 36.0098)	(48, 35.9517)	(49, 35.9404)	(50, 35.9535)	(51, 35.9762)	(52, 35.9598)	(53, 35.9378)	(54, 35.9875)	(55, 35.9512)	(56, 35.978)	(57, 35.9502)	(58, 35.9196)	(59, 35.9472)	(60, 35.9406)	(61, 35.8976)	(62, 35.9544)	(63, 35.9053)	(64, 35.8605)	(65, 35.8129)	(66, 35.8744)	(67, 35.846)	(68, 35.8579)	(69, 35.8993)	(70, 35.8493)	(71, 35.8396)	(72, 35.8707)	(73, 35.8862)	(74, 35.8204)	(75, 35.8643)	(76, 35.8547)	(77, 35.8305)	(78, 35.8638)	(79, 35.8856)	(80, 35.8474)	(81, 35.8728)	(82, 35.7772)	(83, 35.8151)	(84, 35.832)	(85, 35.8624)	(86, 35.8421)	(87, 35.8293)	(88, 35.8294)	(89, 35.7138)	(90, 35.7633)	(91, 35.8391)	(92, 35.7893)	(93, 35.7665)	(94, 35.7108)	(95, 35.7624)	(96, 35.7637)	(97, 35.8069)	(98, 35.7707)	(99, 35.7612)	(100, 35.7552)	(101, 35.7556)	(102, 35.7476)	(103, 35.6759)	(104, 35.7398)	(105, 35.6771)	(106, 35.6817)	(107, 35.738)	(108, 35.6622)	(109, 35.7405)	(110, 35.6594)	(111, 35.6224)	(112, 35.5644)	(113, 35.6594)	(114, 35.6425)	(115, 35.5192)	(116, 35.5663)	(117, 35.6389)	(118, 35.5263)	(119, 35.5917)	(120, 35.6052)	(121, 35.5736)	(122, 35.5474)	(123, 35.5929)	(124, 35.6293)	(125, 35.5986)	(126, 35.5915)	(127, 35.5579)	(128, 35.5246)	(129, 35.5325)	(130, 35.517)	(131, 35.4706)	(132, 35.5412)	(133, 35.4976)	(134, 35.4551)	(135, 35.507)	(136, 35.4794)	(137, 35.4127)	(138, 35.2983)	(139, 35.3532)	(140, 35.2699)	(141, 35.299)	(142, 35.3375)	(143, 35.2219)	(144, 35.1285)	(145, 35.1751)	(146, 35.2238)	(147, 35.2073)	(148, 35.1645)	(149, 35.0843)	(150, 35.0616)
SRR16013072_1.fastq.gz_SRR16013072_2.fastq.gz	(1, 36.3834)	(2, 36.1623)	(3, 36.1833)	(4, 36.1766)	(5, 36.1441)	(6, 36.1162)	(7, 36.1383)	(8, 36.1629)	(9, 36.1482)	(10, 36.1179)	(11, 36.2156)	(12, 36.1638)	(13, 36.1689)	(14, 36.1498)	(15, 36.149)	(16, 36.1573)	(17, 36.1276)	(18, 36.1105)	(19, 36.1687)	(20, 36.1201)	(21, 36.1624)	(22, 36.155)	(23, 36.1043)	(24, 36.0951)	(25, 36.0959)	(26, 36.1023)	(27, 36.1017)	(28, 36.0869)	(29, 36.0686)	(30, 36.0672)	(31, 36.0233)	(32, 36.0218)	(33, 36.0355)	(34, 36.024)	(35, 35.9841)	(36, 36.0225)	(37, 36.0091)	(38, 36.0018)	(39, 35.9857)	(40, 36.0349)	(41, 36.0112)	(42, 35.9634)	(43, 36.0151)	(44, 36.044)	(45, 35.9826)	(46, 35.9898)	(47, 35.9992)	(48, 36.0188)	(49, 35.9856)	(50, 35.9989)	(51, 35.9811)	(52, 35.9981)	(53, 36.0229)	(54, 36.0015)	(55, 35.9799)	(56, 35.9934)	(57, 35.975)	(58, 35.9777)	(59, 35.9535)	(60, 35.9894)	(61, 35.946)	(62, 35.968)	(63, 35.9308)	(64, 35.8998)	(65, 35.8689)	(66, 35.8982)	(67, 35.8703)	(68, 35.9045)	(69, 35.9664)	(70, 35.929)	(71, 35.8948)	(72, 35.9209)	(73, 35.9352)	(74, 35.881)	(75, 35.8858)	(76, 35.8851)	(77, 35.8896)	(78, 35.8928)	(79, 35.9115)	(80, 35.8513)	(81, 35.8731)	(82, 35.8253)	(83, 35.8917)	(84, 35.8669)	(85, 35.884)	(86, 35.8691)	(87, 35.8744)	(88, 35.8705)	(89, 35.7826)	(90, 35.8131)	(91, 35.8483)	(92, 35.8265)	(93, 35.7726)	(94, 35.7523)	(95, 35.7759)	(96, 35.791)	(97, 35.8226)	(98, 35.7973)	(99, 35.8094)	(100, 35.7777)	(101, 35.7807)	(102, 35.7401)	(103, 35.7473)	(104, 35.7396)	(105, 35.6638)	(106, 35.7396)	(107, 35.7403)	(108, 35.7209)	(109, 35.694)	(110, 35.6586)	(111, 35.6486)	(112, 35.5678)	(113, 35.67)	(114, 35.6684)	(115, 35.6023)	(116, 35.5983)	(117, 35.6793)	(118, 35.5005)	(119, 35.5998)	(120, 35.6266)	(121, 35.6133)	(122, 35.6057)	(123, 35.5874)	(124, 35.6325)	(125, 35.606)	(126, 35.6159)	(127, 35.6199)	(128, 35.5845)	(129, 35.5203)	(130, 35.5369)	(131, 35.4643)	(132, 35.5538)	(133, 35.471)	(134, 35.46)	(135, 35.4445)	(136, 35.4678)	(137, 35.3658)	(138, 35.3141)	(139, 35.3872)	(140, 35.251)	(141, 35.3273)	(142, 35.3217)	(143, 35.2017)	(144, 35.1236)	(145, 35.1105)	(146, 35.1533)	(147, 35.2354)	(148, 35.1394)	(149, 35.0368)	(150, 35.0637)
SRR16013073_1.fastq.gz_SRR16013073_2.fastq.gz	(1, 36.2838)	(2, 36.1651)	(3, 36.2261)	(4, 36.2573)	(5, 36.3105)	(6, 36.3065)	(7, 36.3044)	(8, 36.2954)	(9, 36.3335)	(10, 36.3152)	(11, 36.386)	(12, 36.3413)	(13, 36.3441)	(14, 36.3377)	(15, 36.3672)	(16, 36.3738)	(17, 36.3316)	(18, 36.3364)	(19, 36.3542)	(20, 36.3436)	(21, 36.3639)	(22, 36.3738)	(23, 36.3258)	(24, 36.3396)	(25, 36.3834)	(26, 36.4044)	(27, 36.3367)	(28, 36.3476)	(29, 36.3722)	(30, 36.381)	(31, 36.3682)	(32, 36.32)	(33, 36.315)	(34, 36.3208)	(35, 36.2982)	(36, 36.3208)	(37, 36.3184)	(38, 36.2908)	(39, 36.3008)	(40, 36.3386)	(41, 36.2848)	(42, 36.3228)	(43, 36.3197)	(44, 36.3247)	(45, 36.3184)	(46, 36.3052)	(47, 36.3102)	(48, 36.3298)	(49, 36.298)	(50, 36.3091)	(51, 36.2846)	(52, 36.2805)	(53, 36.2757)	(54, 36.2573)	(55, 36.2181)	(56, 36.2701)	(57, 36.2329)	(58, 36.2471)	(59, 36.2514)	(60, 36.2704)	(61, 36.2667)	(62, 36.2677)	(63, 36.2341)	(64, 36.2307)	(65, 36.2197)	(66, 36.2499)	(67, 36.2064)	(68, 36.2245)	(69, 36.2381)	(70, 36.2404)	(71, 36.2371)	(72, 36.2535)	(73, 36.2388)	(74, 36.1999)	(75, 36.2286)	(76, 36.1797)	(77, 36.2216)	(78, 36.2184)	(79, 36.2034)	(80, 36.2108)	(81, 36.2153)	(82, 36.1605)	(83, 36.2231)	(84, 36.177)	(85, 36.2153)	(86, 36.1242)	(87, 36.1441)	(88, 36.067)	(89, 36.1287)	(90, 36.1255)	(91, 36.1203)	(92, 36.1228)	(93, 36.0887)	(94, 36.1315)	(95, 36.118)	(96, 36.1127)	(97, 36.1369)	(98, 36.1184)	(99, 36.1308)	(100, 36.1213)	(101, 36.1016)	(102, 36.1085)	(103, 36.1207)	(104, 36.021)	(105, 36.0656)	(106, 36.0714)	(107, 36.0994)	(108, 36.0138)	(109, 36.0239)	(110, 36.0673)	(111, 35.9813)	(112, 36.0475)	(113, 35.9428)	(114, 35.8892)	(115, 35.9391)	(116, 35.9375)	(117, 35.9066)	(118, 35.9677)	(119, 35.9888)	(120, 35.9445)	(121, 35.9983)	(122, 35.9294)	(123, 35.9726)	(124, 35.9797)	(125, 35.9409)	(126, 35.9046)	(127, 35.8785)	(128, 35.8838)	(129, 35.9366)	(130, 35.9452)	(131, 35.891)	(132, 35.9258)	(133, 35.9122)	(134, 35.8755)	(135, 35.885)	(136, 35.8513)	(137, 35.8136)	(138, 35.849)	(139, 35.8029)	(140, 35.7165)	(141, 35.7152)	(142, 35.7764)	(143, 35.7044)	(144, 35.6037)	(145, 35.6579)	(146, 35.7355)	(147, 35.7115)	(148, 35.6544)	(149, 35.7293)	(150, 35.7267)
SRR16013074_1.fastq.gz_SRR16013074_2.fastq.gz	(1, 36.2333)	(2, 36.0616)	(3, 36.2073)	(4, 36.243)	(5, 36.25)	(6, 36.2264)	(7, 36.2195)	(8, 36.2516)	(9, 36.282)	(10, 36.2754)	(11, 36.3148)	(12, 36.2754)	(13, 36.2905)	(14, 36.2982)	(15, 36.347)	(16, 36.3258)	(17, 36.3002)	(18, 36.303)	(19, 36.3447)	(20, 36.3375)	(21, 36.3604)	(22, 36.3646)	(23, 36.2988)	(24, 36.2895)	(25, 36.3063)	(26, 36.3174)	(27, 36.3412)	(28, 36.2964)	(29, 36.2916)	(30, 36.3094)	(31, 36.2976)	(32, 36.2638)	(33, 36.2941)	(34, 36.2583)	(35, 36.2269)	(36, 36.2728)	(37, 36.2561)	(38, 36.2216)	(39, 36.2681)	(40, 36.3489)	(41, 36.2734)	(42, 36.2081)	(43, 36.2611)	(44, 36.2632)	(45, 36.2845)	(46, 36.2767)	(47, 36.2207)	(48, 36.2246)	(49, 36.2326)	(50, 36.2494)	(51, 36.2486)	(52, 36.2387)	(53, 36.243)	(54, 36.2665)	(55, 36.2227)	(56, 36.2516)	(57, 36.215)	(58, 36.2246)	(59, 36.1754)	(60, 36.1285)	(61, 36.1388)	(62, 36.2132)	(63, 36.1473)	(64, 36.0729)	(65, 36.1022)	(66, 36.1857)	(67, 36.1602)	(68, 36.1426)	(69, 36.1237)	(70, 36.1095)	(71, 36.1154)	(72, 36.1987)	(73, 36.1916)	(74, 36.1315)	(75, 36.1532)	(76, 36.1661)	(77, 36.1557)	(78, 36.1724)	(79, 36.1728)	(80, 36.1297)	(81, 36.1501)	(82, 36.1118)	(83, 36.0695)	(84, 36.0742)	(85, 36.0213)	(86, 36.0241)	(87, 36.0449)	(88, 36.1005)	(89, 36.0879)	(90, 36.0997)	(91, 36.1437)	(92, 36.1084)	(93, 36.0939)	(94, 36.0858)	(95, 36.1112)	(96, 36.1005)	(97, 36.0505)	(98, 36.0201)	(99, 36.0825)	(100, 36.1098)	(101, 36.0187)	(102, 35.9203)	(103, 36.0145)	(104, 36.0304)	(105, 35.9851)	(106, 36.0436)	(107, 36.0162)	(108, 35.8928)	(109, 35.8874)	(110, 35.8614)	(111, 35.8042)	(112, 35.8545)	(113, 35.9069)	(114, 35.8183)	(115, 35.8823)	(116, 35.9779)	(117, 35.909)	(118, 35.8933)	(119, 35.8847)	(120, 35.8011)	(121, 35.7478)	(122, 35.8281)	(123, 35.8941)	(124, 35.9254)	(125, 35.8746)	(126, 35.8465)	(127, 35.8783)	(128, 35.8721)	(129, 35.8538)	(130, 35.7981)	(131, 35.7106)	(132, 35.7536)	(133, 35.7063)	(134, 35.7459)	(135, 35.8279)	(136, 35.6998)	(137, 35.7139)	(138, 35.7594)	(139, 35.6842)	(140, 35.5081)	(141, 35.6759)	(142, 35.7318)	(143, 35.5821)	(144, 35.486)	(145, 35.4059)	(146, 35.603)	(147, 35.6935)	(148, 35.6745)	(149, 35.5994)	(150, 35.5285)
SRR16013082_1.fastq.gz_SRR16013082_2.fastq.gz	(1, 36.3229)	(2, 36.0824)	(3, 36.1484)	(4, 36.1328)	(5, 36.1397)	(6, 36.1267)	(7, 36.1068)	(8, 36.1735)	(9, 36.1889)	(10, 36.1599)	(11, 36.2082)	(12, 36.1837)	(13, 36.1683)	(14, 36.1767)	(15, 36.1404)	(16, 36.1493)	(17, 36.1308)	(18, 36.142)	(19, 36.1807)	(20, 36.1421)	(21, 36.1953)	(22, 36.1619)	(23, 36.1134)	(24, 36.1223)	(25, 36.1269)	(26, 36.1175)	(27, 36.0768)	(28, 36.0566)	(29, 36.0412)	(30, 36.0384)	(31, 36.0299)	(32, 35.9849)	(33, 36.0018)	(34, 36.0052)	(35, 35.972)	(36, 35.9892)	(37, 35.9885)	(38, 35.9901)	(39, 35.9776)	(40, 36.0169)	(41, 36.001)	(42, 35.9702)	(43, 35.9913)	(44, 36.0205)	(45, 35.9632)	(46, 35.9859)	(47, 35.9718)	(48, 35.958)	(49, 35.9694)	(50, 35.9667)	(51, 35.9747)	(52, 35.9346)	(53, 35.959)	(54, 35.9681)	(55, 35.9476)	(56, 35.9691)	(57, 35.9251)	(58, 35.9367)	(59, 35.9236)	(60, 35.9387)	(61, 35.9082)	(62, 35.9375)	(63, 35.9165)	(64, 35.8464)	(65, 35.8052)	(66, 35.8659)	(67, 35.8297)	(68, 35.846)	(69, 35.9362)	(70, 35.8811)	(71, 35.8716)	(72, 35.8546)	(73, 35.8984)	(74, 35.8569)	(75, 35.8587)	(76, 35.8582)	(77, 35.8458)	(78, 35.8673)	(79, 35.8761)	(80, 35.8657)	(81, 35.8816)	(82, 35.8221)	(83, 35.8252)	(84, 35.848)	(85, 35.8899)	(86, 35.8182)	(87, 35.847)	(88, 35.8255)	(89, 35.7536)	(90, 35.7863)	(91, 35.8012)	(92, 35.7843)	(93, 35.7572)	(94, 35.7014)	(95, 35.751)	(96, 35.7604)	(97, 35.8057)	(98, 35.817)	(99, 35.7269)	(100, 35.8052)	(101, 35.7459)	(102, 35.7452)	(103, 35.7339)	(104, 35.6835)	(105, 35.6913)	(106, 35.7282)	(107, 35.7671)	(108, 35.697)	(109, 35.7044)	(110, 35.6652)	(111, 35.627)	(112, 35.5577)	(113, 35.7116)	(114, 35.6681)	(115, 35.5742)	(116, 35.6024)	(117, 35.6052)	(118, 35.5103)	(119, 35.645)	(120, 35.6551)	(121, 35.6217)	(122, 35.5501)	(123, 35.6569)	(124, 35.6375)	(125, 35.5917)	(126, 35.5973)	(127, 35.5928)	(128, 35.6047)	(129, 35.5859)	(130, 35.5486)	(131, 35.5325)	(132, 35.5144)	(133, 35.4884)	(134, 35.4851)	(135, 35.5193)	(136, 35.5314)	(137, 35.4178)	(138, 35.2909)	(139, 35.3842)	(140, 35.2703)	(141, 35.3631)	(142, 35.3621)	(143, 35.2319)	(144, 35.1308)	(145, 35.175)	(146, 35.2119)	(147, 35.2342)	(148, 35.123)	(149, 35.0947)	(150, 35.1315)
SRR16013083_1.fastq.gz_SRR16013083_2.fastq.gz	(1, 35.9263)	(2, 35.6803)	(3, 36.0051)	(4, 36.0467)	(5, 36.1271)	(6, 36.1049)	(7, 36.0796)	(8, 36.1577)	(9, 36.1938)	(10, 36.1619)	(11, 36.1844)	(12, 36.2134)	(13, 36.195)	(14, 36.1869)	(15, 36.238)	(16, 36.2236)	(17, 36.2325)	(18, 36.2089)	(19, 36.2229)	(20, 36.2137)	(21, 36.2478)	(22, 36.2432)	(23, 36.2193)	(24, 36.2116)	(25, 36.2149)	(26, 36.2023)	(27, 36.2074)	(28, 36.1691)	(29, 36.17)	(30, 36.2083)	(31, 36.1741)	(32, 36.1597)	(33, 36.1952)	(34, 36.1613)	(35, 36.0793)	(36, 36.1405)	(37, 36.1661)	(38, 36.0997)	(39, 36.1639)	(40, 36.1845)	(41, 36.1649)	(42, 36.1066)	(43, 36.1436)	(44, 36.1473)	(45, 36.1828)	(46, 36.1264)	(47, 36.0702)	(48, 36.0702)	(49, 36.1203)	(50, 36.1288)	(51, 36.1356)	(52, 36.122)	(53, 36.1036)	(54, 36.1339)	(55, 36.087)	(56, 36.0982)	(57, 36.118)	(58, 36.0964)	(59, 36.0611)	(60, 35.978)	(61, 36.0308)	(62, 36.0794)	(63, 36.0221)	(64, 35.9163)	(65, 35.9755)	(66, 36.0781)	(67, 36.0023)	(68, 35.9653)	(69, 35.9571)	(70, 35.9322)	(71, 35.9724)	(72, 36.0604)	(73, 36.0493)	(74, 36.0159)	(75, 35.9806)	(76, 36.0168)	(77, 35.997)	(78, 36.0105)	(79, 36.0302)	(80, 35.9727)	(81, 36.0232)	(82, 35.9692)	(83, 35.9203)	(84, 35.9455)	(85, 35.8675)	(86, 35.8863)	(87, 35.8703)	(88, 35.9768)	(89, 35.9694)	(90, 35.9215)	(91, 36.0204)	(92, 36.0055)	(93, 35.9547)	(94, 35.9636)	(95, 35.9538)	(96, 36.0011)	(97, 35.9268)	(98, 35.8784)	(99, 35.9699)	(100, 35.9679)	(101, 35.922)	(102, 35.7898)	(103, 35.8928)	(104, 35.8934)	(105, 35.8729)	(106, 35.952)	(107, 35.8535)	(108, 35.7633)	(109, 35.7459)	(110, 35.7156)	(111, 35.6704)	(112, 35.7327)	(113, 35.7858)	(114, 35.6639)	(115, 35.7857)	(116, 35.8543)	(117, 35.7755)	(118, 35.7889)	(119, 35.7899)	(120, 35.6858)	(121, 35.5933)	(122, 35.6408)	(123, 35.8308)	(124, 35.8252)	(125, 35.7553)	(126, 35.7292)	(127, 35.7639)	(128, 35.7698)	(129, 35.698)	(130, 35.6624)	(131, 35.5443)	(132, 35.5954)	(133, 35.5632)	(134, 35.6484)	(135, 35.6748)	(136, 35.5311)	(137, 35.5959)	(138, 35.6473)	(139, 35.5138)	(140, 35.3311)	(141, 35.539)	(142, 35.5834)	(143, 35.5004)	(144, 35.3321)	(145, 35.2902)	(146, 35.4091)	(147, 35.568)	(148, 35.5932)	(149, 35.4522)	(150, 35.3956)
SRR16013084_1.fastq.gz_SRR16013084_2.fastq.gz	(1, 36.1589)	(2, 35.9634)	(3, 36.1751)	(4, 36.1659)	(5, 36.2431)	(6, 36.2276)	(7, 36.2131)	(8, 36.2449)	(9, 36.2737)	(10, 36.2424)	(11, 36.3049)	(12, 36.3021)	(13, 36.3057)	(14, 36.2743)	(15, 36.3037)	(16, 36.3431)	(17, 36.3164)	(18, 36.2888)	(19, 36.3015)	(20, 36.2975)	(21, 36.3233)	(22, 36.2961)	(23, 36.2801)	(24, 36.2787)	(25, 36.2939)	(26, 36.3226)	(27, 36.261)	(28, 36.295)	(29, 36.2959)	(30, 36.2989)	(31, 36.2985)	(32, 36.276)	(33, 36.2505)	(34, 36.249)	(35, 36.2322)	(36, 36.2643)	(37, 36.2582)	(38, 36.2012)	(39, 36.1891)	(40, 36.2504)	(41, 36.2118)	(42, 36.1997)	(43, 36.2307)	(44, 36.2352)	(45, 36.2296)	(46, 36.217)	(47, 36.2101)	(48, 36.257)	(49, 36.2034)	(50, 36.216)	(51, 36.2085)	(52, 36.205)	(53, 36.1975)	(54, 36.1654)	(55, 36.1179)	(56, 36.1697)	(57, 36.177)	(58, 36.1738)	(59, 36.1405)	(60, 36.1714)	(61, 36.1426)	(62, 36.1808)	(63, 36.1206)	(64, 36.1461)	(65, 36.1154)	(66, 36.1373)	(67, 36.1043)	(68, 36.0821)	(69, 36.1117)	(70, 36.1404)	(71, 36.1403)	(72, 36.1765)	(73, 36.1513)	(74, 36.1329)	(75, 36.1227)	(76, 36.0815)	(77, 36.1163)	(78, 36.1109)	(79, 36.1164)	(80, 36.0969)	(81, 36.1034)	(82, 36.055)	(83, 36.093)	(84, 36.0772)	(85, 36.1087)	(86, 36.0139)	(87, 36.0288)	(88, 35.9746)	(89, 36.0179)	(90, 36.0065)	(91, 35.9846)	(92, 35.9996)	(93, 35.9642)	(94, 36.0287)	(95, 36.0519)	(96, 36.0286)	(97, 36.0357)	(98, 35.9935)	(99, 35.9985)	(100, 36.0125)	(101, 36.0063)	(102, 36.021)	(103, 35.9605)	(104, 35.8989)	(105, 35.9385)	(106, 35.9883)	(107, 35.955)	(108, 35.9115)	(109, 35.9298)	(110, 35.9507)	(111, 35.8997)	(112, 35.9324)	(113, 35.851)	(114, 35.7382)	(115, 35.7964)	(116, 35.8254)	(117, 35.8124)	(118, 35.8522)	(119, 35.8559)	(120, 35.8534)	(121, 35.9145)	(122, 35.8979)	(123, 35.863)	(124, 35.8732)	(125, 35.8756)	(126, 35.8383)	(127, 35.7968)	(128, 35.7619)	(129, 35.8473)	(130, 35.8203)	(131, 35.7714)	(132, 35.8085)	(133, 35.7999)	(134, 35.8104)	(135, 35.8112)	(136, 35.7686)	(137, 35.7202)	(138, 35.7387)	(139, 35.6933)	(140, 35.6059)	(141, 35.5935)	(142, 35.7099)	(143, 35.6399)	(144, 35.457)	(145, 35.5869)	(146, 35.6078)	(147, 35.5735)	(148, 35.6088)	(149, 35.663)	(150, 35.6423)
SRR16013090_1.fastq.gz_SRR16013090_2.fastq.gz	(1, 36.264)	(2, 35.9889)	(3, 35.9761)	(4, 35.996)	(5, 35.939)	(6, 35.9009)	(7, 35.8768)	(8, 35.9172)	(9, 35.9039)	(10, 35.9199)	(11, 35.992)	(12, 35.8979)	(13, 35.911)	(14, 35.9189)	(15, 35.9237)	(16, 35.9077)	(17, 35.8504)	(18, 35.8686)	(19, 35.9207)	(20, 35.9215)	(21, 35.9108)	(22, 35.951)	(23, 35.8421)	(24, 35.842)	(25, 35.8838)	(26, 35.8983)	(27, 35.874)	(28, 35.8255)	(29, 35.878)	(30, 35.8598)	(31, 35.8342)	(32, 35.7613)	(33, 35.8115)	(34, 35.8062)	(35, 35.7946)	(36, 35.8451)	(37, 35.8506)	(38, 35.8066)	(39, 35.7857)	(40, 35.8828)	(41, 35.8568)	(42, 35.7987)	(43, 35.828)	(44, 35.8808)	(45, 35.8226)	(46, 35.8383)	(47, 35.8288)	(48, 35.8332)	(49, 35.7911)	(50, 35.7766)	(51, 35.8536)	(52, 35.8347)	(53, 35.8526)	(54, 35.8527)	(55, 35.8369)	(56, 35.8609)	(57, 35.8241)	(58, 35.7644)	(59, 35.8437)	(60, 35.7945)	(61, 35.7772)	(62, 35.8037)	(63, 35.7211)	(64, 35.7079)	(65, 35.6979)	(66, 35.7384)	(67, 35.7064)	(68, 35.7359)	(69, 35.7919)	(70, 35.7515)	(71, 35.68)	(72, 35.776)	(73, 35.7475)	(74, 35.6867)	(75, 35.7551)	(76, 35.6704)	(77, 35.7734)	(78, 35.7604)	(79, 35.75)	(80, 35.7206)	(81, 35.7444)	(82, 35.6319)	(83, 35.6699)	(84, 35.7084)	(85, 35.7561)	(86, 35.6985)	(87, 35.6839)	(88, 35.6852)	(89, 35.6285)	(90, 35.6392)	(91, 35.6605)	(92, 35.6384)	(93, 35.6029)	(94, 35.6099)	(95, 35.5802)	(96, 35.6269)	(97, 35.6481)	(98, 35.6381)	(99, 35.6201)	(100, 35.6166)	(101, 35.5755)	(102, 35.5832)	(103, 35.5441)	(104, 35.5468)	(105, 35.5098)	(106, 35.5238)	(107, 35.5858)	(108, 35.4758)	(109, 35.5041)	(110, 35.4874)	(111, 35.4145)	(112, 35.3672)	(113, 35.4315)	(114, 35.4778)	(115, 35.3138)	(116, 35.4086)	(117, 35.4083)	(118, 35.3066)	(119, 35.3735)	(120, 35.3737)	(121, 35.331)	(122, 35.3027)	(123, 35.3962)	(124, 35.3641)	(125, 35.3244)	(126, 35.3176)	(127, 35.2761)	(128, 35.2861)	(129, 35.2612)	(130, 35.2326)	(131, 35.1981)	(132, 35.2576)	(133, 35.1654)	(134, 35.0993)	(135, 35.1104)	(136, 35.2046)	(137, 35.109)	(138, 34.9336)	(139, 34.999)	(140, 34.924)	(141, 35.0133)	(142, 34.9931)	(143, 34.8538)	(144, 34.7927)	(145, 34.8155)	(146, 34.831)	(147, 34.7274)	(148, 34.6988)	(149, 34.6496)	(150, 34.684)
