Sample	0	1	2	3	4	5	6	7	8	9	10	11	12	13	14	15	16	17	18	19	20	21	22	23	24	25	26	27	28	29	30	31	32	33	34	35	36	37	38	39	40	41	42	43	44	45	46	47	48	49	50	51	52	53	54	55	56	57	58	59	60	61	62	63	64	65	66	67	68	69	70	71	72	73	74	75	76	77	78	79	80	81	82	83	84	85	86	87	88	89	90	91	92	93	94	95	96	97	98	99	100	101	102	103	104	105	106	107	108	109	110	111	112	113	114	115	116	117	118	119	120	121	122	123	124	125	126	127	128	129	130	131	132	133	134	135	136	137	138	139	140	141	142	143	144	145	146	147	148	149
SRR16013048_1.fastq.gz_SRR16013048_2.fastq.gz	(1, 36.4606)	(2, 36.5577)	(3, 36.6256)	(4, 36.6336)	(5, 36.6731)	(6, 36.6355)	(7, 36.6216)	(8, 36.6663)	(9, 36.679)	(10, 36.6466)	(11, 36.7043)	(12, 36.6944)	(13, 36.6562)	(14, 36.6623)	(15, 36.7033)	(16, 36.6827)	(17, 36.6959)	(18, 36.6806)	(19, 36.6461)	(20, 36.6815)	(21, 36.6678)	(22, 36.6353)	(23, 36.6259)	(24, 36.6219)	(25, 36.6036)	(26, 36.5838)	(27, 36.5892)	(28, 36.601)	(29, 36.5899)	(30, 36.6092)	(31, 36.582)	(32, 36.6098)	(33, 36.5973)	(34, 36.5679)	(35, 36.5848)	(36, 36.5941)	(37, 36.5796)	(38, 36.5507)	(39, 36.5509)	(40, 36.5796)	(41, 36.5259)	(42, 36.5083)	(43, 36.4727)	(44, 36.5207)	(45, 36.5154)	(46, 36.5145)	(47, 36.551)	(48, 36.5336)	(49, 36.5294)	(50, 36.5326)	(51, 36.5233)	(52, 36.5382)	(53, 36.5298)	(54, 36.5176)	(55, 36.5399)	(56, 36.521)	(57, 36.5273)	(58, 36.5098)	(59, 36.504)	(60, 36.5072)	(61, 36.456)	(62, 36.4773)	(63, 36.4709)	(64, 36.517)	(65, 36.4412)	(66, 36.474)	(67, 36.4474)	(68, 36.4302)	(69, 36.4228)	(70, 36.4445)	(71, 36.4515)	(72, 36.4403)	(73, 36.4359)	(74, 36.4238)	(75, 36.4223)	(76, 36.4601)	(77, 36.4151)	(78, 36.4322)	(79, 36.4484)	(80, 36.4535)	(81, 36.397)	(82, 36.4506)	(83, 36.4271)	(84, 36.4292)	(85, 36.4446)	(86, 36.4312)	(87, 36.4359)	(88, 36.4282)	(89, 36.399)	(90, 36.3673)	(91, 36.3625)	(92, 36.3884)	(93, 36.3655)	(94, 36.3918)	(95, 36.3113)	(96, 36.3607)	(97, 36.3909)	(98, 36.3556)	(99, 36.3843)	(100, 36.3826)	(101, 36.3544)	(102, 36.3344)	(103, 36.3282)	(104, 36.3367)	(105, 36.3517)	(106, 36.3322)	(107, 36.3542)	(108, 36.3488)	(109, 36.3407)	(110, 36.3471)	(111, 36.3285)	(112, 36.2638)	(113, 36.3061)	(114, 36.2964)	(115, 36.2874)	(116, 36.2793)	(117, 36.2677)	(118, 36.2834)	(119, 36.3322)	(120, 36.292)	(121, 36.2589)	(122, 36.2454)	(123, 36.2636)	(124, 36.2462)	(125, 36.2136)	(126, 36.2355)	(127, 36.2019)	(128, 36.2037)	(129, 36.2168)	(130, 36.1918)	(131, 36.1837)	(132, 36.1623)	(133, 36.144)	(134, 36.1065)	(135, 36.1201)	(136, 36.0657)	(137, 36.0479)	(138, 36.0124)	(139, 35.9594)	(140, 35.9643)	(141, 35.9055)	(142, 35.7571)	(143, 35.8131)	(144, 35.7415)	(145, 35.7925)	(146, 35.8237)	(147, 35.8255)	(148, 35.6447)	(149, 35.7006)	(150, 35.7123)
SRR16013050_1.fastq.gz_SRR16013050_2.fastq.gz	(1, 36.4865)	(2, 36.5376)	(3, 36.6361)	(4, 36.6535)	(5, 36.674)	(6, 36.6318)	(7, 36.6428)	(8, 36.7)	(9, 36.697)	(10, 36.6562)	(11, 36.7375)	(12, 36.7103)	(13, 36.6771)	(14, 36.6821)	(15, 36.7089)	(16, 36.6881)	(17, 36.7057)	(18, 36.6931)	(19, 36.6686)	(20, 36.6935)	(21, 36.6917)	(22, 36.6548)	(23, 36.6383)	(24, 36.6437)	(25, 36.6289)	(26, 36.6328)	(27, 36.607)	(28, 36.6151)	(29, 36.615)	(30, 36.6035)	(31, 36.6153)	(32, 36.6079)	(33, 36.6112)	(34, 36.5756)	(35, 36.6113)	(36, 36.6043)	(37, 36.6057)	(38, 36.5639)	(39, 36.5878)	(40, 36.5826)	(41, 36.545)	(42, 36.5442)	(43, 36.5385)	(44, 36.5679)	(45, 36.5287)	(46, 36.5361)	(47, 36.5549)	(48, 36.5558)	(49, 36.5684)	(50, 36.5616)	(51, 36.5511)	(52, 36.5754)	(53, 36.572)	(54, 36.5307)	(55, 36.5625)	(56, 36.555)	(57, 36.5536)	(58, 36.5415)	(59, 36.5319)	(60, 36.5162)	(61, 36.4761)	(62, 36.4879)	(63, 36.4759)	(64, 36.514)	(65, 36.4579)	(66, 36.4737)	(67, 36.4562)	(68, 36.459)	(69, 36.4409)	(70, 36.464)	(71, 36.46)	(72, 36.467)	(73, 36.4402)	(74, 36.4452)	(75, 36.4223)	(76, 36.4622)	(77, 36.4392)	(78, 36.4387)	(79, 36.4727)	(80, 36.4556)	(81, 36.4216)	(82, 36.4425)	(83, 36.453)	(84, 36.4526)	(85, 36.4348)	(86, 36.4197)	(87, 36.4288)	(88, 36.4303)	(89, 36.3963)	(90, 36.3845)	(91, 36.3653)	(92, 36.4041)	(93, 36.3807)	(94, 36.3611)	(95, 36.3055)	(96, 36.3868)	(97, 36.3702)	(98, 36.3542)	(99, 36.3806)	(100, 36.3815)	(101, 36.3543)	(102, 36.3393)	(103, 36.3383)	(104, 36.3393)	(105, 36.3455)	(106, 36.3604)	(107, 36.3374)	(108, 36.3611)	(109, 36.3454)	(110, 36.3549)	(111, 36.3364)	(112, 36.2633)	(113, 36.2982)	(114, 36.3211)	(115, 36.2853)	(116, 36.2955)	(117, 36.2661)	(118, 36.3028)	(119, 36.3159)	(120, 36.3058)	(121, 36.2772)	(122, 36.2455)	(123, 36.278)	(124, 36.2402)	(125, 36.2325)	(126, 36.2355)	(127, 36.2249)	(128, 36.2287)	(129, 36.2157)	(130, 36.1976)	(131, 36.1799)	(132, 36.1866)	(133, 36.1643)	(134, 36.134)	(135, 36.1154)	(136, 36.0973)	(137, 36.0853)	(138, 36.0387)	(139, 35.958)	(140, 35.9911)	(141, 35.9414)	(142, 35.7684)	(143, 35.858)	(144, 35.7315)	(145, 35.8109)	(146, 35.8206)	(147, 35.8498)	(148, 35.6818)	(149, 35.6976)	(150, 35.7081)
SRR16013054_1.fastq.gz_SRR16013054_2.fastq.gz	(1, 36.4787)	(2, 36.5639)	(3, 36.6512)	(4, 36.6677)	(5, 36.6825)	(6, 36.6525)	(7, 36.6336)	(8, 36.6784)	(9, 36.6901)	(10, 36.6429)	(11, 36.7176)	(12, 36.6964)	(13, 36.658)	(14, 36.675)	(15, 36.691)	(16, 36.6978)	(17, 36.6929)	(18, 36.695)	(19, 36.6581)	(20, 36.6765)	(21, 36.664)	(22, 36.6573)	(23, 36.6354)	(24, 36.6255)	(25, 36.6308)	(26, 36.608)	(27, 36.6147)	(28, 36.6031)	(29, 36.6156)	(30, 36.5884)	(31, 36.6063)	(32, 36.6151)	(33, 36.6123)	(34, 36.5851)	(35, 36.6023)	(36, 36.6133)	(37, 36.6)	(38, 36.556)	(39, 36.581)	(40, 36.5561)	(41, 36.5426)	(42, 36.5226)	(43, 36.4975)	(44, 36.5409)	(45, 36.4993)	(46, 36.5372)	(47, 36.5477)	(48, 36.5388)	(49, 36.5435)	(50, 36.5566)	(51, 36.5334)	(52, 36.5514)	(53, 36.535)	(54, 36.5163)	(55, 36.5331)	(56, 36.5443)	(57, 36.5334)	(58, 36.504)	(59, 36.5173)	(60, 36.5)	(61, 36.4646)	(62, 36.4889)	(63, 36.4732)	(64, 36.516)	(65, 36.4496)	(66, 36.4818)	(67, 36.4417)	(68, 36.4628)	(69, 36.4214)	(70, 36.4416)	(71, 36.4457)	(72, 36.4431)	(73, 36.4077)	(74, 36.4283)	(75, 36.398)	(76, 36.4364)	(77, 36.4235)	(78, 36.4413)	(79, 36.456)	(80, 36.4476)	(81, 36.4006)	(82, 36.4638)	(83, 36.4486)	(84, 36.4302)	(85, 36.428)	(86, 36.4063)	(87, 36.4325)	(88, 36.4316)	(89, 36.3836)	(90, 36.37)	(91, 36.3477)	(92, 36.3869)	(93, 36.3805)	(94, 36.3472)	(95, 36.2843)	(96, 36.3698)	(97, 36.3854)	(98, 36.3266)	(99, 36.3725)	(100, 36.3642)	(101, 36.3619)	(102, 36.3179)	(103, 36.3142)	(104, 36.3308)	(105, 36.323)	(106, 36.3362)	(107, 36.3225)	(108, 36.3379)	(109, 36.3331)	(110, 36.3417)	(111, 36.2934)	(112, 36.2444)	(113, 36.2791)	(114, 36.3066)	(115, 36.2863)	(116, 36.2705)	(117, 36.2362)	(118, 36.2791)	(119, 36.2901)	(120, 36.2738)	(121, 36.2194)	(122, 36.2175)	(123, 36.2319)	(124, 36.2212)	(125, 36.1921)	(126, 36.1954)	(127, 36.1869)	(128, 36.1582)	(129, 36.1401)	(130, 36.1354)	(131, 36.1177)	(132, 36.1076)	(133, 36.0907)	(134, 36.0394)	(135, 36.0261)	(136, 35.9855)	(137, 35.9866)	(138, 35.9225)	(139, 35.8659)	(140, 35.8972)	(141, 35.8357)	(142, 35.6606)	(143, 35.7288)	(144, 35.6515)	(145, 35.6511)	(146, 35.7003)	(147, 35.7258)	(148, 35.5385)	(149, 35.5517)	(150, 35.5872)
SRR16013056_1.fastq.gz_SRR16013056_2.fastq.gz	(1, 36.5128)	(2, 36.5787)	(3, 36.6514)	(4, 36.6614)	(5, 36.7042)	(6, 36.6512)	(7, 36.6501)	(8, 36.6914)	(9, 36.7098)	(10, 36.6525)	(11, 36.7272)	(12, 36.7297)	(13, 36.6872)	(14, 36.7006)	(15, 36.7155)	(16, 36.7026)	(17, 36.7147)	(18, 36.7019)	(19, 36.6724)	(20, 36.691)	(21, 36.6919)	(22, 36.6608)	(23, 36.6555)	(24, 36.6434)	(25, 36.624)	(26, 36.6252)	(27, 36.5997)	(28, 36.6208)	(29, 36.6158)	(30, 36.6272)	(31, 36.6148)	(32, 36.6424)	(33, 36.6266)	(34, 36.6152)	(35, 36.613)	(36, 36.6195)	(37, 36.6202)	(38, 36.5654)	(39, 36.5892)	(40, 36.5873)	(41, 36.5562)	(42, 36.5512)	(43, 36.5155)	(44, 36.5546)	(45, 36.518)	(46, 36.5568)	(47, 36.5704)	(48, 36.5585)	(49, 36.5626)	(50, 36.5729)	(51, 36.576)	(52, 36.5757)	(53, 36.5684)	(54, 36.5555)	(55, 36.5635)	(56, 36.5482)	(57, 36.5625)	(58, 36.5346)	(59, 36.5538)	(60, 36.5576)	(61, 36.5063)	(62, 36.5265)	(63, 36.497)	(64, 36.5299)	(65, 36.473)	(66, 36.5051)	(67, 36.4701)	(68, 36.4637)	(69, 36.444)	(70, 36.4759)	(71, 36.4727)	(72, 36.4878)	(73, 36.4728)	(74, 36.4662)	(75, 36.4376)	(76, 36.491)	(77, 36.4562)	(78, 36.4744)	(79, 36.4897)	(80, 36.481)	(81, 36.4572)	(82, 36.4877)	(83, 36.4751)	(84, 36.4761)	(85, 36.4811)	(86, 36.4747)	(87, 36.4824)	(88, 36.4753)	(89, 36.427)	(90, 36.4215)	(91, 36.4053)	(92, 36.4474)	(93, 36.4092)	(94, 36.412)	(95, 36.3554)	(96, 36.4331)	(97, 36.4237)	(98, 36.3858)	(99, 36.4211)	(100, 36.437)	(101, 36.403)	(102, 36.3885)	(103, 36.3706)	(104, 36.3746)	(105, 36.3849)	(106, 36.3897)	(107, 36.3879)	(108, 36.3965)	(109, 36.3962)	(110, 36.3964)	(111, 36.3663)	(112, 36.3264)	(113, 36.3558)	(114, 36.3547)	(115, 36.3363)	(116, 36.3433)	(117, 36.331)	(118, 36.3493)	(119, 36.3615)	(120, 36.3626)	(121, 36.3353)	(122, 36.302)	(123, 36.3092)	(124, 36.3134)	(125, 36.2635)	(126, 36.2941)	(127, 36.2756)	(128, 36.2613)	(129, 36.2803)	(130, 36.2455)	(131, 36.2455)	(132, 36.2588)	(133, 36.2269)	(134, 36.2168)	(135, 36.1884)	(136, 36.1646)	(137, 36.1388)	(138, 36.1068)	(139, 36.0388)	(140, 36.0595)	(141, 36.034)	(142, 35.8609)	(143, 35.9604)	(144, 35.8624)	(145, 35.874)	(146, 35.9462)	(147, 35.9466)	(148, 35.8052)	(149, 35.81)	(150, 35.856)
SRR16013070_1.fastq.gz_SRR16013070_2.fastq.gz	(1, 36.4594)	(2, 36.5595)	(3, 36.6283)	(4, 36.634)	(5, 36.6865)	(6, 36.6284)	(7, 36.624)	(8, 36.6622)	(9, 36.6882)	(10, 36.6424)	(11, 36.7145)	(12, 36.6948)	(13, 36.6721)	(14, 36.6771)	(15, 36.692)	(16, 36.6856)	(17, 36.6905)	(18, 36.7031)	(19, 36.6499)	(20, 36.68)	(21, 36.6852)	(22, 36.6476)	(23, 36.6369)	(24, 36.6233)	(25, 36.6163)	(26, 36.5875)	(27, 36.5908)	(28, 36.6096)	(29, 36.605)	(30, 36.5901)	(31, 36.5919)	(32, 36.6224)	(33, 36.5952)	(34, 36.5868)	(35, 36.602)	(36, 36.5972)	(37, 36.595)	(38, 36.5415)	(39, 36.5652)	(40, 36.5731)	(41, 36.5109)	(42, 36.5076)	(43, 36.4795)	(44, 36.5286)	(45, 36.4941)	(46, 36.5245)	(47, 36.5598)	(48, 36.5232)	(49, 36.5545)	(50, 36.5545)	(51, 36.5454)	(52, 36.5775)	(53, 36.5582)	(54, 36.5276)	(55, 36.5496)	(56, 36.5278)	(57, 36.5322)	(58, 36.5181)	(59, 36.5196)	(60, 36.5241)	(61, 36.4859)	(62, 36.4877)	(63, 36.47)	(64, 36.5203)	(65, 36.4579)	(66, 36.4824)	(67, 36.4465)	(68, 36.4339)	(69, 36.4216)	(70, 36.445)	(71, 36.4472)	(72, 36.463)	(73, 36.4203)	(74, 36.4318)	(75, 36.4269)	(76, 36.4532)	(77, 36.4351)	(78, 36.4476)	(79, 36.4414)	(80, 36.4614)	(81, 36.3993)	(82, 36.4643)	(83, 36.4458)	(84, 36.4628)	(85, 36.4198)	(86, 36.4377)	(87, 36.4493)	(88, 36.4442)	(89, 36.4133)	(90, 36.3912)	(91, 36.3879)	(92, 36.419)	(93, 36.3794)	(94, 36.3799)	(95, 36.3109)	(96, 36.3896)	(97, 36.4062)	(98, 36.3743)	(99, 36.3857)	(100, 36.4053)	(101, 36.3864)	(102, 36.3562)	(103, 36.3208)	(104, 36.3441)	(105, 36.3465)	(106, 36.3717)	(107, 36.3536)	(108, 36.3914)	(109, 36.3526)	(110, 36.3501)	(111, 36.326)	(112, 36.2955)	(113, 36.3298)	(114, 36.3404)	(115, 36.3153)	(116, 36.3021)	(117, 36.2846)	(118, 36.3268)	(119, 36.3261)	(120, 36.3018)	(121, 36.2771)	(122, 36.2547)	(123, 36.2859)	(124, 36.2568)	(125, 36.2141)	(126, 36.2287)	(127, 36.2103)	(128, 36.1986)	(129, 36.2027)	(130, 36.2019)	(131, 36.1761)	(132, 36.1698)	(133, 36.1752)	(134, 36.1468)	(135, 36.1371)	(136, 36.0928)	(137, 36.0944)	(138, 36.0339)	(139, 35.9714)	(140, 35.9998)	(141, 35.9554)	(142, 35.802)	(143, 35.8611)	(144, 35.7708)	(145, 35.8313)	(146, 35.8705)	(147, 35.8723)	(148, 35.7073)	(149, 35.7256)	(150, 35.7415)
SRR16013072_1.fastq.gz_SRR16013072_2.fastq.gz	(1, 36.5467)	(2, 36.5955)	(3, 36.6648)	(4, 36.6569)	(5, 36.6798)	(6, 36.6243)	(7, 36.6429)	(8, 36.6876)	(9, 36.6976)	(10, 36.6523)	(11, 36.7191)	(12, 36.7141)	(13, 36.6787)	(14, 36.6893)	(15, 36.6972)	(16, 36.7002)	(17, 36.7049)	(18, 36.6953)	(19, 36.6491)	(20, 36.6857)	(21, 36.6837)	(22, 36.655)	(23, 36.6368)	(24, 36.636)	(25, 36.5991)	(26, 36.6063)	(27, 36.597)	(28, 36.5937)	(29, 36.6157)	(30, 36.5998)	(31, 36.5899)	(32, 36.6125)	(33, 36.585)	(34, 36.575)	(35, 36.5874)	(36, 36.5951)	(37, 36.5974)	(38, 36.5364)	(39, 36.5568)	(40, 36.5267)	(41, 36.5058)	(42, 36.4709)	(43, 36.4144)	(44, 36.4855)	(45, 36.4607)	(46, 36.5119)	(47, 36.5482)	(48, 36.5114)	(49, 36.5413)	(50, 36.5263)	(51, 36.5591)	(52, 36.5316)	(53, 36.5521)	(54, 36.5406)	(55, 36.5399)	(56, 36.5451)	(57, 36.5387)	(58, 36.5291)	(59, 36.53)	(60, 36.5206)	(61, 36.4765)	(62, 36.5122)	(63, 36.5014)	(64, 36.5123)	(65, 36.4472)	(66, 36.4781)	(67, 36.4398)	(68, 36.428)	(69, 36.4437)	(70, 36.4606)	(71, 36.4437)	(72, 36.4724)	(73, 36.4317)	(74, 36.4038)	(75, 36.4139)	(76, 36.4536)	(77, 36.4198)	(78, 36.4308)	(79, 36.4546)	(80, 36.4529)	(81, 36.4163)	(82, 36.4542)	(83, 36.4375)	(84, 36.4548)	(85, 36.4551)	(86, 36.4375)	(87, 36.4312)	(88, 36.446)	(89, 36.4087)	(90, 36.403)	(91, 36.3921)	(92, 36.4361)	(93, 36.4304)	(94, 36.4014)	(95, 36.3349)	(96, 36.3876)	(97, 36.4033)	(98, 36.3858)	(99, 36.3848)	(100, 36.389)	(101, 36.3579)	(102, 36.3531)	(103, 36.3359)	(104, 36.3613)	(105, 36.3855)	(106, 36.3605)	(107, 36.3667)	(108, 36.3778)	(109, 36.3702)	(110, 36.3468)	(111, 36.333)	(112, 36.2812)	(113, 36.3168)	(114, 36.3339)	(115, 36.2935)	(116, 36.3263)	(117, 36.2812)	(118, 36.3066)	(119, 36.3043)	(120, 36.2925)	(121, 36.2651)	(122, 36.2324)	(123, 36.241)	(124, 36.2383)	(125, 36.2229)	(126, 36.2015)	(127, 36.1815)	(128, 36.1563)	(129, 36.1862)	(130, 36.1632)	(131, 36.1269)	(132, 36.1451)	(133, 36.0987)	(134, 36.0984)	(135, 36.0626)	(136, 36.0173)	(137, 35.986)	(138, 35.9136)	(139, 35.8434)	(140, 35.8775)	(141, 35.8397)	(142, 35.7083)	(143, 35.7363)	(144, 35.6405)	(145, 35.6716)	(146, 35.7126)	(147, 35.6917)	(148, 35.5504)	(149, 35.57)	(150, 35.6076)
SRR16013073_1.fastq.gz_SRR16013073_2.fastq.gz	(1, 36.4472)	(2, 36.4951)	(3, 36.573)	(4, 36.5433)	(5, 36.5863)	(6, 36.5568)	(7, 36.5475)	(8, 36.5535)	(9, 36.5588)	(10, 36.5676)	(11, 36.5348)	(12, 36.5348)	(13, 36.5456)	(14, 36.5233)	(15, 36.5222)	(16, 36.5084)	(17, 36.5102)	(18, 36.5375)	(19, 36.4972)	(20, 36.5165)	(21, 36.5162)	(22, 36.5025)	(23, 36.4711)	(24, 36.4853)	(25, 36.4788)	(26, 36.4349)	(27, 36.4124)	(28, 36.425)	(29, 36.4283)	(30, 36.425)	(31, 36.4272)	(32, 36.4144)	(33, 36.4245)	(34, 36.3807)	(35, 36.4001)	(36, 36.3969)	(37, 36.391)	(38, 36.337)	(39, 36.3438)	(40, 36.3268)	(41, 36.3167)	(42, 36.2745)	(43, 36.2308)	(44, 36.2903)	(45, 36.2503)	(46, 36.3203)	(47, 36.3338)	(48, 36.3117)	(49, 36.327)	(50, 36.3225)	(51, 36.3024)	(52, 36.3324)	(53, 36.2909)	(54, 36.3173)	(55, 36.3027)	(56, 36.3328)	(57, 36.3025)	(58, 36.2958)	(59, 36.2884)	(60, 36.2963)	(61, 36.2639)	(62, 36.3064)	(63, 36.2609)	(64, 36.2719)	(65, 36.2489)	(66, 36.2243)	(67, 36.2765)	(68, 36.2582)	(69, 36.2607)	(70, 36.1669)	(71, 36.2096)	(72, 36.2519)	(73, 36.259)	(74, 36.1687)	(75, 36.2134)	(76, 36.2166)	(77, 36.2206)	(78, 36.2217)	(79, 36.2051)	(80, 36.2125)	(81, 36.2002)	(82, 36.2088)	(83, 36.1915)	(84, 36.1444)	(85, 36.165)	(86, 36.1971)	(87, 36.1969)	(88, 36.1936)	(89, 36.1875)	(90, 36.1857)	(91, 36.1582)	(92, 36.1707)	(93, 36.1654)	(94, 36.1311)	(95, 36.0232)	(96, 35.3552)	(97, 36.1142)	(98, 36.1284)	(99, 36.0837)	(100, 36.05)	(101, 36.0761)	(102, 36.114)	(103, 36.0693)	(104, 36.0773)	(105, 36.0576)	(106, 36.0434)	(107, 36.0528)	(108, 36.087)	(109, 36.0743)	(110, 36.0119)	(111, 36.0517)	(112, 35.9788)	(113, 36.0218)	(114, 36.0173)	(115, 36.0062)	(116, 35.9139)	(117, 35.9354)	(118, 35.9972)	(119, 35.8889)	(120, 35.803)	(121, 35.9095)	(122, 35.8874)	(123, 35.7696)	(124, 35.7289)	(125, 35.6795)	(126, 35.7739)	(127, 35.726)	(128, 35.7082)	(129, 35.6769)	(130, 35.6559)	(131, 35.6385)	(132, 35.5855)	(133, 35.5823)	(134, 35.5279)	(135, 35.4149)	(136, 35.427)	(137, 35.4125)	(138, 35.3634)	(139, 35.316)	(140, 35.2121)	(141, 35.0898)	(142, 34.9751)	(143, 35.0415)	(144, 34.9791)	(145, 34.7893)	(146, 34.6548)	(147, 34.6504)	(148, 34.7165)	(149, 34.5691)	(150, 34.5005)
SRR16013074_1.fastq.gz_SRR16013074_2.fastq.gz	(1, 36.6664)	(2, 36.6896)	(3, 36.7144)	(4, 36.6842)	(5, 36.7144)	(6, 36.6663)	(7, 36.6707)	(8, 36.7015)	(9, 36.7194)	(10, 36.7031)	(11, 36.7081)	(12, 36.6968)	(13, 36.6898)	(14, 36.6928)	(15, 36.6901)	(16, 36.6709)	(17, 36.6663)	(18, 36.6884)	(19, 36.683)	(20, 36.6758)	(21, 36.6685)	(22, 36.6706)	(23, 36.6732)	(24, 36.6554)	(25, 36.6476)	(26, 36.6383)	(27, 36.6379)	(28, 36.6106)	(29, 36.6332)	(30, 36.6202)	(31, 36.6085)	(32, 36.6064)	(33, 36.6109)	(34, 36.5957)	(35, 36.5938)	(36, 36.5944)	(37, 36.5921)	(38, 36.5471)	(39, 36.5764)	(40, 36.54)	(41, 36.5403)	(42, 36.4798)	(43, 36.4669)	(44, 36.4833)	(45, 36.4841)	(46, 36.5386)	(47, 36.5462)	(48, 36.5442)	(49, 36.5498)	(50, 36.515)	(51, 36.5933)	(52, 36.5605)	(53, 36.58)	(54, 36.5454)	(55, 36.5772)	(56, 36.5605)	(57, 36.5463)	(58, 36.5251)	(59, 36.5426)	(60, 36.5344)	(61, 36.5232)	(62, 36.4884)	(63, 36.5329)	(64, 36.5426)	(65, 36.5181)	(66, 36.5135)	(67, 36.4625)	(68, 36.4887)	(69, 36.5493)	(70, 36.4836)	(71, 36.4573)	(72, 36.4975)	(73, 36.4967)	(74, 36.4685)	(75, 36.456)	(76, 36.5063)	(77, 36.4908)	(78, 36.4996)	(79, 36.4801)	(80, 36.4907)	(81, 36.4674)	(82, 36.5094)	(83, 36.4985)	(84, 36.4982)	(85, 36.4647)	(86, 36.4862)	(87, 36.5001)	(88, 36.4951)	(89, 36.4531)	(90, 36.4728)	(91, 36.4442)	(92, 36.3747)	(93, 36.4105)	(94, 36.4711)	(95, 36.4435)	(96, 36.4282)	(97, 36.441)	(98, 36.4652)	(99, 36.4217)	(100, 36.4369)	(101, 36.4288)	(102, 36.4409)	(103, 36.4121)	(104, 36.4026)	(105, 36.3927)	(106, 36.4401)	(107, 36.4319)	(108, 36.4074)	(109, 36.3978)	(110, 36.3821)	(111, 36.4106)	(112, 36.3844)	(113, 36.3812)	(114, 36.3564)	(115, 36.3419)	(116, 36.3907)	(117, 36.3036)	(118, 36.2888)	(119, 36.3504)	(120, 36.2525)	(121, 36.2288)	(122, 36.1753)	(123, 36.2138)	(124, 36.2634)	(125, 36.2922)	(126, 36.2526)	(127, 36.2028)	(128, 36.1512)	(129, 36.1405)	(130, 36.1962)	(131, 36.1754)	(132, 36.0834)	(133, 36.0942)	(134, 36.1084)	(135, 36.0806)	(136, 36.0475)	(137, 35.9993)	(138, 35.9096)	(139, 35.8578)	(140, 35.7861)	(141, 35.7968)	(142, 35.6751)	(143, 35.4839)	(144, 35.5801)	(145, 35.6143)	(146, 35.434)	(147, 35.4712)	(148, 35.5747)	(149, 35.5772)	(150, 35.4349)
SRR16013082_1.fastq.gz_SRR16013082_2.fastq.gz	(1, 36.4962)	(2, 36.5788)	(3, 36.6503)	(4, 36.6535)	(5, 36.6754)	(6, 36.6371)	(7, 36.6323)	(8, 36.6703)	(9, 36.6907)	(10, 36.641)	(11, 36.722)	(12, 36.7039)	(13, 36.6682)	(14, 36.69)	(15, 36.6989)	(16, 36.6939)	(17, 36.7055)	(18, 36.7066)	(19, 36.6486)	(20, 36.6993)	(21, 36.6944)	(22, 36.6742)	(23, 36.645)	(24, 36.6472)	(25, 36.6303)	(26, 36.6151)	(27, 36.623)	(28, 36.6005)	(29, 36.6107)	(30, 36.6054)	(31, 36.6044)	(32, 36.6205)	(33, 36.6017)	(34, 36.5924)	(35, 36.6041)	(36, 36.6138)	(37, 36.6107)	(38, 36.5623)	(39, 36.5851)	(40, 36.6074)	(41, 36.5442)	(42, 36.543)	(43, 36.5073)	(44, 36.5531)	(45, 36.5375)	(46, 36.5515)	(47, 36.5554)	(48, 36.5553)	(49, 36.563)	(50, 36.5686)	(51, 36.5797)	(52, 36.5492)	(53, 36.5792)	(54, 36.5399)	(55, 36.5755)	(56, 36.5571)	(57, 36.5563)	(58, 36.5544)	(59, 36.545)	(60, 36.5212)	(61, 36.495)	(62, 36.5155)	(63, 36.4966)	(64, 36.5276)	(65, 36.4517)	(66, 36.4865)	(67, 36.4443)	(68, 36.4492)	(69, 36.4229)	(70, 36.4636)	(71, 36.4817)	(72, 36.4785)	(73, 36.4347)	(74, 36.417)	(75, 36.4085)	(76, 36.45)	(77, 36.4288)	(78, 36.4361)	(79, 36.4614)	(80, 36.4495)	(81, 36.4301)	(82, 36.4461)	(83, 36.4405)	(84, 36.449)	(85, 36.4402)	(86, 36.4199)	(87, 36.4142)	(88, 36.4233)	(89, 36.3863)	(90, 36.3631)	(91, 36.401)	(92, 36.4064)	(93, 36.3947)	(94, 36.3906)	(95, 36.2968)	(96, 36.3723)	(97, 36.4095)	(98, 36.3417)	(99, 36.3565)	(100, 36.3867)	(101, 36.3591)	(102, 36.3244)	(103, 36.291)	(104, 36.3372)	(105, 36.3384)	(106, 36.318)	(107, 36.3466)	(108, 36.3322)	(109, 36.3373)	(110, 36.3192)	(111, 36.3045)	(112, 36.26)	(113, 36.2714)	(114, 36.2835)	(115, 36.2532)	(116, 36.2437)	(117, 36.2297)	(118, 36.2355)	(119, 36.2444)	(120, 36.2108)	(121, 36.1929)	(122, 36.1285)	(123, 36.1347)	(124, 36.1217)	(125, 36.0633)	(126, 36.0417)	(127, 36.0247)	(128, 36.0145)	(129, 35.9919)	(130, 35.949)	(131, 35.9008)	(132, 35.8893)	(133, 35.8361)	(134, 35.777)	(135, 35.7107)	(136, 35.6526)	(137, 35.5996)	(138, 35.4974)	(139, 35.4111)	(140, 35.3757)	(141, 35.287)	(142, 35.0822)	(143, 35.1035)	(144, 34.9719)	(145, 34.9621)	(146, 34.9001)	(147, 34.8468)	(148, 34.6614)	(149, 34.6103)	(150, 34.6074)
SRR16013083_1.fastq.gz_SRR16013083_2.fastq.gz	(1, 36.6155)	(2, 36.624)	(3, 36.6899)	(4, 36.6485)	(5, 36.6711)	(6, 36.64)	(7, 36.6399)	(8, 36.6689)	(9, 36.6849)	(10, 36.6729)	(11, 36.6768)	(12, 36.6742)	(13, 36.6657)	(14, 36.6604)	(15, 36.6445)	(16, 36.6356)	(17, 36.6402)	(18, 36.6512)	(19, 36.6573)	(20, 36.6355)	(21, 36.6488)	(22, 36.6416)	(23, 36.6241)	(24, 36.6396)	(25, 36.6343)	(26, 36.6081)	(27, 36.6078)	(28, 36.5865)	(29, 36.6021)	(30, 36.5816)	(31, 36.5665)	(32, 36.5656)	(33, 36.5575)	(34, 36.5472)	(35, 36.5771)	(36, 36.5713)	(37, 36.5632)	(38, 36.5369)	(39, 36.5235)	(40, 36.5365)	(41, 36.5329)	(42, 36.4783)	(43, 36.4865)	(44, 36.5235)	(45, 36.5134)	(46, 36.4872)	(47, 36.4981)	(48, 36.5093)	(49, 36.4995)	(50, 36.5011)	(51, 36.5232)	(52, 36.5164)	(53, 36.5225)	(54, 36.5223)	(55, 36.539)	(56, 36.5079)	(57, 36.4998)	(58, 36.4954)	(59, 36.4896)	(60, 36.4891)	(61, 36.4874)	(62, 36.4685)	(63, 36.4711)	(64, 36.4881)	(65, 36.4572)	(66, 36.4409)	(67, 36.4098)	(68, 36.4135)	(69, 36.4851)	(70, 36.4183)	(71, 36.3986)	(72, 36.4305)	(73, 36.4357)	(74, 36.4015)	(75, 36.4286)	(76, 36.4256)	(77, 36.4164)	(78, 36.435)	(79, 36.4284)	(80, 36.4236)	(81, 36.4176)	(82, 36.4413)	(83, 36.43)	(84, 36.424)	(85, 36.4122)	(86, 36.427)	(87, 36.4329)	(88, 36.3941)	(89, 36.3671)	(90, 36.3882)	(91, 36.3658)	(92, 36.312)	(93, 36.3455)	(94, 36.411)	(95, 36.3763)	(96, 36.3322)	(97, 36.3616)	(98, 36.3963)	(99, 36.3442)	(100, 36.3739)	(101, 36.3661)	(102, 36.347)	(103, 36.3379)	(104, 36.3013)	(105, 36.3249)	(106, 36.3221)	(107, 36.3323)	(108, 36.3186)	(109, 36.3116)	(110, 36.3051)	(111, 36.3058)	(112, 36.2781)	(113, 36.2473)	(114, 36.2225)	(115, 36.2091)	(116, 36.2305)	(117, 36.154)	(118, 36.1338)	(119, 36.1676)	(120, 36.0865)	(121, 36.0608)	(122, 35.9912)	(123, 35.9974)	(124, 36.0303)	(125, 36.0094)	(126, 36.0072)	(127, 35.9459)	(128, 35.8639)	(129, 35.8035)	(130, 35.8628)	(131, 35.7878)	(132, 35.7062)	(133, 35.647)	(134, 35.6343)	(135, 35.5908)	(136, 35.4754)	(137, 35.3892)	(138, 35.3006)	(139, 35.1647)	(140, 35.0673)	(141, 35.0433)	(142, 34.8623)	(143, 34.626)	(144, 34.6382)	(145, 34.5774)	(146, 34.4261)	(147, 34.3047)	(148, 34.2746)	(149, 34.2182)	(150, 34.0662)
SRR16013084_1.fastq.gz_SRR16013084_2.fastq.gz	(1, 36.4677)	(2, 36.5075)	(3, 36.59)	(4, 36.5451)	(5, 36.6214)	(6, 36.5705)	(7, 36.5509)	(8, 36.5481)	(9, 36.5677)	(10, 36.59)	(11, 36.5573)	(12, 36.5681)	(13, 36.5498)	(14, 36.5488)	(15, 36.5587)	(16, 36.5523)	(17, 36.5697)	(18, 36.5429)	(19, 36.533)	(20, 36.5514)	(21, 36.5286)	(22, 36.5345)	(23, 36.491)	(24, 36.5195)	(25, 36.5075)	(26, 36.4884)	(27, 36.4344)	(28, 36.4604)	(29, 36.4603)	(30, 36.4453)	(31, 36.4346)	(32, 36.4462)	(33, 36.4706)	(34, 36.4345)	(35, 36.4313)	(36, 36.4359)	(37, 36.4447)	(38, 36.3988)	(39, 36.3876)	(40, 36.3895)	(41, 36.3707)	(42, 36.3344)	(43, 36.3209)	(44, 36.383)	(45, 36.3604)	(46, 36.3802)	(47, 36.3813)	(48, 36.3681)	(49, 36.3568)	(50, 36.3706)	(51, 36.3522)	(52, 36.3448)	(53, 36.2995)	(54, 36.3273)	(55, 36.3113)	(56, 36.3597)	(57, 36.3192)	(58, 36.3046)	(59, 36.3159)	(60, 36.312)	(61, 36.308)	(62, 36.3229)	(63, 36.3079)	(64, 36.3053)	(65, 36.2654)	(66, 36.2706)	(67, 36.2829)	(68, 36.2588)	(69, 36.2615)	(70, 36.2056)	(71, 36.2246)	(72, 36.268)	(73, 36.2663)	(74, 36.2202)	(75, 36.2344)	(76, 36.2283)	(77, 36.2259)	(78, 36.2277)	(79, 36.2016)	(80, 36.2132)	(81, 36.2445)	(82, 36.1986)	(83, 36.2006)	(84, 36.1744)	(85, 36.1687)	(86, 36.2098)	(87, 36.1755)	(88, 36.1848)	(89, 36.1751)	(90, 36.1882)	(91, 36.1573)	(92, 36.1726)	(93, 36.1261)	(94, 36.1467)	(95, 36.0338)	(96, 35.4224)	(97, 36.1104)	(98, 36.1234)	(99, 36.0552)	(100, 36.0762)	(101, 36.0648)	(102, 36.1007)	(103, 36.0676)	(104, 36.08)	(105, 36.0757)	(106, 36.0486)	(107, 36.0851)	(108, 36.0676)	(109, 36.0529)	(110, 36.0032)	(111, 36.0404)	(112, 35.9757)	(113, 35.9905)	(114, 36.0222)	(115, 35.996)	(116, 35.8926)	(117, 35.8994)	(118, 35.9346)	(119, 35.8798)	(120, 35.7662)	(121, 35.8313)	(122, 35.8461)	(123, 35.7071)	(124, 35.678)	(125, 35.6093)	(126, 35.6737)	(127, 35.6442)	(128, 35.5666)	(129, 35.5231)	(130, 35.5001)	(131, 35.4634)	(132, 35.3998)	(133, 35.3482)	(134, 35.2806)	(135, 35.1414)	(136, 35.0725)	(137, 35.0372)	(138, 34.9397)	(139, 34.89)	(140, 34.7457)	(141, 34.6043)	(142, 34.4387)	(143, 34.4169)	(144, 34.3086)	(145, 34.1084)	(146, 33.9066)	(147, 33.8336)	(148, 33.837)	(149, 33.5822)	(150, 33.4504)
SRR16013090_1.fastq.gz_SRR16013090_2.fastq.gz	(1, 36.4936)	(2, 36.5652)	(3, 36.6248)	(4, 36.6244)	(5, 36.6588)	(6, 36.5877)	(7, 36.5861)	(8, 36.6411)	(9, 36.6581)	(10, 36.6294)	(11, 36.6817)	(12, 36.6646)	(13, 36.6337)	(14, 36.6578)	(15, 36.6553)	(16, 36.6536)	(17, 36.6595)	(18, 36.6687)	(19, 36.624)	(20, 36.6528)	(21, 36.6473)	(22, 36.613)	(23, 36.6076)	(24, 36.6019)	(25, 36.5949)	(26, 36.5588)	(27, 36.5589)	(28, 36.5504)	(29, 36.5801)	(30, 36.5689)	(31, 36.5677)	(32, 36.5886)	(33, 36.5786)	(34, 36.5433)	(35, 36.5671)	(36, 36.5811)	(37, 36.5705)	(38, 36.4965)	(39, 36.5313)	(40, 36.5208)	(41, 36.5131)	(42, 36.4764)	(43, 36.4327)	(44, 36.5109)	(45, 36.4351)	(46, 36.4884)	(47, 36.5158)	(48, 36.4927)	(49, 36.5162)	(50, 36.5283)	(51, 36.5194)	(52, 36.5371)	(53, 36.5178)	(54, 36.5033)	(55, 36.5554)	(56, 36.5201)	(57, 36.5134)	(58, 36.4885)	(59, 36.4865)	(60, 36.4819)	(61, 36.4438)	(62, 36.4732)	(63, 36.4432)	(64, 36.4742)	(65, 36.4359)	(66, 36.4487)	(67, 36.4139)	(68, 36.3798)	(69, 36.3951)	(70, 36.418)	(71, 36.4263)	(72, 36.4122)	(73, 36.393)	(74, 36.3749)	(75, 36.3622)	(76, 36.4373)	(77, 36.3978)	(78, 36.395)	(79, 36.4227)	(80, 36.4264)	(81, 36.3741)	(82, 36.4296)	(83, 36.4129)	(84, 36.4318)	(85, 36.4216)	(86, 36.4043)	(87, 36.4318)	(88, 36.4314)	(89, 36.3942)	(90, 36.3731)	(91, 36.3484)	(92, 36.401)	(93, 36.3612)	(94, 36.3602)	(95, 36.2978)	(96, 36.3501)	(97, 36.3774)	(98, 36.3379)	(99, 36.3542)	(100, 36.3393)	(101, 36.3607)	(102, 36.3402)	(103, 36.3026)	(104, 36.3204)	(105, 36.3242)	(106, 36.3266)	(107, 36.3241)	(108, 36.3654)	(109, 36.3348)	(110, 36.3243)	(111, 36.3093)	(112, 36.2458)	(113, 36.2878)	(114, 36.2983)	(115, 36.2641)	(116, 36.2675)	(117, 36.2421)	(118, 36.2921)	(119, 36.2745)	(120, 36.2892)	(121, 36.2636)	(122, 36.2362)	(123, 36.2497)	(124, 36.2448)	(125, 36.172)	(126, 36.1962)	(127, 36.1684)	(128, 36.1713)	(129, 36.2049)	(130, 36.1635)	(131, 36.1308)	(132, 36.1456)	(133, 36.0977)	(134, 36.1078)	(135, 36.0935)	(136, 36.0401)	(137, 36.0255)	(138, 35.9716)	(139, 35.896)	(140, 35.9032)	(141, 35.8424)	(142, 35.6772)	(143, 35.7541)	(144, 35.6924)	(145, 35.7035)	(146, 35.7429)	(147, 35.7499)	(148, 35.5887)	(149, 35.5782)	(150, 35.6321)
