Sample	0	1	2	3	4	5	6	7	8	9	10	11	12	13	14	15	16	17	18	19	20	21	22	23	24
SRR16013048_1.fastq.gz	(150, 100000.0)																								
SRR16013048_1.trimmed.fastq.gz	(30, 5.0)	(35, 14.0)	(40, 26.0)	(45, 34.0)	(50, 56.0)	(55, 98.0)	(60, 183.0)	(65, 291.0)	(70, 500.0)	(75, 692.0)	(80, 1154.0)	(85, 1584.0)	(90, 2315.0)	(95, 2892.0)	(100, 3505.0)	(105, 3789.0)	(110, 4081.0)	(115, 4476.0)	(120, 4364.0)	(125, 4327.0)	(130, 4121.0)	(135, 3974.0)	(140, 3860.0)	(145, 3522.0)	(150, 42261.0)
SRR16013048_2.fastq.gz	(150, 100000.0)																								
SRR16013048_2.trimmed.fastq.gz	(30, 5.0)	(35, 14.0)	(40, 29.0)	(45, 34.0)	(50, 56.0)	(55, 93.0)	(60, 178.0)	(65, 285.0)	(70, 490.0)	(75, 680.0)	(80, 1136.0)	(85, 1540.0)	(90, 2264.0)	(95, 2806.0)	(100, 3411.0)	(105, 3693.0)	(110, 3929.0)	(115, 4336.0)	(120, 4258.0)	(125, 4223.0)	(130, 4010.0)	(135, 3857.0)	(140, 3838.0)	(145, 3546.0)	(150, 43413.0)
SRR16013050_1.fastq.gz	(150, 100000.0)																								
SRR16013050_1.trimmed.fastq.gz	(30, 3.0)	(35, 8.0)	(40, 7.0)	(45, 30.0)	(50, 47.0)	(55, 82.0)	(60, 142.0)	(65, 226.0)	(70, 408.0)	(75, 602.0)	(80, 931.0)	(85, 1235.0)	(90, 1865.0)	(95, 2484.0)	(100, 3027.0)	(105, 3486.0)	(110, 4084.0)	(115, 4100.0)	(120, 4231.0)	(125, 4229.0)	(130, 4133.0)	(135, 4175.0)	(140, 3812.0)	(145, 3768.0)	(150, 47219.0)
SRR16013050_2.fastq.gz	(150, 100000.0)																								
SRR16013050_2.trimmed.fastq.gz	(30, 3.0)	(35, 7.0)	(40, 7.0)	(45, 31.0)	(50, 47.0)	(55, 80.0)	(60, 140.0)	(65, 225.0)	(70, 407.0)	(75, 595.0)	(80, 914.0)	(85, 1213.0)	(90, 1829.0)	(95, 2435.0)	(100, 2961.0)	(105, 3422.0)	(110, 3976.0)	(115, 4004.0)	(120, 4112.0)	(125, 4136.0)	(130, 4032.0)	(135, 4067.0)	(140, 3808.0)	(145, 3788.0)	(150, 48095.0)
SRR16013054_1.fastq.gz	(150, 100000.0)																								
SRR16013054_1.trimmed.fastq.gz	(30, 7.0)	(35, 5.0)	(40, 23.0)	(45, 40.0)	(50, 58.0)	(55, 117.0)	(60, 198.0)	(65, 330.0)	(70, 608.0)	(75, 820.0)	(80, 1253.0)	(85, 1805.0)	(90, 2564.0)	(95, 3189.0)	(100, 3748.0)	(105, 3924.0)	(110, 4308.0)	(115, 4625.0)	(120, 4461.0)	(125, 4291.0)	(130, 4270.0)	(135, 4028.0)	(140, 3619.0)	(145, 3607.0)	(150, 40871.0)
SRR16013054_2.fastq.gz	(150, 100000.0)																								
SRR16013054_2.trimmed.fastq.gz	(30, 7.0)	(35, 5.0)	(40, 23.0)	(45, 39.0)	(50, 58.0)	(55, 117.0)	(60, 199.0)	(65, 329.0)	(70, 598.0)	(75, 806.0)	(80, 1244.0)	(85, 1772.0)	(90, 2531.0)	(95, 3131.0)	(100, 3674.0)	(105, 3830.0)	(110, 4205.0)	(115, 4520.0)	(120, 4378.0)	(125, 4208.0)	(130, 4157.0)	(135, 3914.0)	(140, 3614.0)	(145, 3601.0)	(150, 41809.0)
SRR16013056_1.fastq.gz	(150, 100000.0)																								
SRR16013056_1.trimmed.fastq.gz	(30, 4.0)	(35, 12.0)	(40, 22.0)	(45, 31.0)	(50, 45.0)	(55, 93.0)	(60, 182.0)	(65, 276.0)	(70, 470.0)	(75, 701.0)	(80, 1085.0)	(85, 1480.0)	(90, 2111.0)	(95, 2789.0)	(100, 3322.0)	(105, 3624.0)	(110, 4075.0)	(115, 4202.0)	(120, 4411.0)	(125, 4374.0)	(130, 4052.0)	(135, 4045.0)	(140, 3783.0)	(145, 3537.0)	(150, 44715.0)
SRR16013056_2.fastq.gz	(150, 100000.0)																								
SRR16013056_2.trimmed.fastq.gz	(30, 5.0)	(35, 12.0)	(40, 22.0)	(45, 31.0)	(50, 42.0)	(55, 90.0)	(60, 181.0)	(65, 270.0)	(70, 463.0)	(75, 688.0)	(80, 1071.0)	(85, 1453.0)	(90, 2069.0)	(95, 2736.0)	(100, 3266.0)	(105, 3548.0)	(110, 3972.0)	(115, 4124.0)	(120, 4316.0)	(125, 4295.0)	(130, 3971.0)	(135, 3974.0)	(140, 3792.0)	(145, 3547.0)	(150, 45503.0)
SRR16013070_1.fastq.gz	(150, 100000.0)																								
SRR16013070_1.trimmed.fastq.gz	(30, 8.0)	(35, 13.0)	(40, 19.0)	(45, 24.0)	(50, 45.0)	(55, 109.0)	(60, 139.0)	(65, 223.0)	(70, 427.0)	(75, 651.0)	(80, 1016.0)	(85, 1498.0)	(90, 2167.0)	(95, 2804.0)	(100, 3259.0)	(105, 3606.0)	(110, 3941.0)	(115, 4370.0)	(120, 4380.0)	(125, 4231.0)	(130, 3908.0)	(135, 3864.0)	(140, 3650.0)	(145, 3580.0)	(150, 43167.0)
SRR16013070_2.fastq.gz	(150, 100000.0)																								
SRR16013070_2.trimmed.fastq.gz	(30, 9.0)	(35, 14.0)	(40, 19.0)	(45, 24.0)	(50, 45.0)	(55, 108.0)	(60, 137.0)	(65, 222.0)	(70, 419.0)	(75, 644.0)	(80, 1003.0)	(85, 1474.0)	(90, 2129.0)	(95, 2739.0)	(100, 3192.0)	(105, 3515.0)	(110, 3835.0)	(115, 4249.0)	(120, 4245.0)	(125, 4118.0)	(130, 3795.0)	(135, 3743.0)	(140, 3623.0)	(145, 3603.0)	(150, 44195.0)
SRR16013072_1.fastq.gz	(150, 100000.0)																								
SRR16013072_1.trimmed.fastq.gz	(30, 10.0)	(35, 28.0)	(40, 22.0)	(45, 42.0)	(50, 66.0)	(55, 120.0)	(60, 221.0)	(65, 392.0)	(70, 597.0)	(75, 896.0)	(80, 1292.0)	(85, 1807.0)	(90, 2530.0)	(95, 3206.0)	(100, 3726.0)	(105, 4079.0)	(110, 4228.0)	(115, 4719.0)	(120, 4584.0)	(125, 4315.0)	(130, 3980.0)	(135, 3706.0)	(140, 3567.0)	(145, 3699.0)	(150, 40113.0)
SRR16013072_2.fastq.gz	(150, 100000.0)																								
SRR16013072_2.trimmed.fastq.gz	(30, 10.0)	(35, 28.0)	(40, 23.0)	(45, 41.0)	(50, 64.0)	(55, 116.0)	(60, 217.0)	(65, 384.0)	(70, 588.0)	(75, 890.0)	(80, 1274.0)	(85, 1769.0)	(90, 2473.0)	(95, 3128.0)	(100, 3621.0)	(105, 3974.0)	(110, 4113.0)	(115, 4580.0)	(120, 4476.0)	(125, 4197.0)	(130, 3864.0)	(135, 3617.0)	(140, 3556.0)	(145, 3714.0)	(150, 41228.0)
SRR16013073_1.fastq.gz	(150, 100000.0)																								
SRR16013073_1.trimmed.fastq.gz	(30, 7.0)	(35, 11.0)	(40, 17.0)	(45, 40.0)	(50, 73.0)	(55, 157.0)	(60, 238.0)	(65, 371.0)	(70, 613.0)	(75, 904.0)	(80, 1388.0)	(85, 1801.0)	(90, 2523.0)	(95, 3424.0)	(100, 3815.0)	(105, 3995.0)	(110, 4262.0)	(115, 4625.0)	(120, 4415.0)	(125, 4261.0)	(130, 3794.0)	(135, 3672.0)	(140, 3522.0)	(145, 3535.0)	(150, 39282.0)
SRR16013073_2.fastq.gz	(150, 100000.0)																								
SRR16013073_2.trimmed.fastq.gz	(30, 7.0)	(35, 12.0)	(40, 18.0)	(45, 43.0)	(50, 73.0)	(55, 152.0)	(60, 238.0)	(65, 363.0)	(70, 603.0)	(75, 892.0)	(80, 1364.0)	(85, 1776.0)	(90, 2495.0)	(95, 3379.0)	(100, 3755.0)	(105, 3938.0)	(110, 4180.0)	(115, 4545.0)	(120, 4343.0)	(125, 4200.0)	(130, 3730.0)	(135, 3636.0)	(140, 3576.0)	(145, 3552.0)	(150, 39875.0)
SRR16013074_1.fastq.gz	(150, 100000.0)																								
SRR16013074_1.trimmed.fastq.gz	(30, 10.0)	(35, 21.0)	(40, 34.0)	(45, 48.0)	(50, 83.0)	(55, 141.0)	(60, 252.0)	(65, 382.0)	(70, 698.0)	(75, 907.0)	(80, 1428.0)	(85, 1781.0)	(90, 2689.0)	(95, 3478.0)	(100, 3903.0)	(105, 4109.0)	(110, 4410.0)	(115, 4668.0)	(120, 4504.0)	(125, 4327.0)	(130, 3775.0)	(135, 3725.0)	(140, 3503.0)	(145, 3566.0)	(150, 38198.0)
SRR16013074_2.fastq.gz	(150, 100000.0)																								
SRR16013074_2.trimmed.fastq.gz	(30, 15.0)	(35, 27.0)	(40, 51.0)	(45, 55.0)	(50, 90.0)	(55, 146.0)	(60, 256.0)	(65, 377.0)	(70, 701.0)	(75, 904.0)	(80, 1415.0)	(85, 1765.0)	(90, 2661.0)	(95, 3421.0)	(100, 3848.0)	(105, 4059.0)	(110, 4347.0)	(115, 4609.0)	(120, 4451.0)	(125, 4284.0)	(130, 3731.0)	(135, 3668.0)	(140, 3515.0)	(145, 3580.0)	(150, 38664.0)
SRR16013082_1.fastq.gz	(150, 100000.0)																								
SRR16013082_1.trimmed.fastq.gz	(30, 4.0)	(35, 11.0)	(40, 13.0)	(45, 30.0)	(50, 47.0)	(55, 83.0)	(60, 156.0)	(65, 257.0)	(70, 442.0)	(75, 635.0)	(80, 1024.0)	(85, 1385.0)	(90, 2118.0)	(95, 2721.0)	(100, 3359.0)	(105, 3701.0)	(110, 4095.0)	(115, 4473.0)	(120, 4410.0)	(125, 4319.0)	(130, 4110.0)	(135, 3857.0)	(140, 3664.0)	(145, 3873.0)	(150, 44418.0)
SRR16013082_2.fastq.gz	(150, 100000.0)																								
SRR16013082_2.trimmed.fastq.gz	(30, 4.0)	(35, 11.0)	(40, 15.0)	(45, 31.0)	(50, 47.0)	(55, 82.0)	(60, 152.0)	(65, 255.0)	(70, 436.0)	(75, 630.0)	(80, 1011.0)	(85, 1369.0)	(90, 2093.0)	(95, 2674.0)	(100, 3283.0)	(105, 3636.0)	(110, 3989.0)	(115, 4384.0)	(120, 4307.0)	(125, 4232.0)	(130, 3997.0)	(135, 3757.0)	(140, 3689.0)	(145, 3878.0)	(150, 45243.0)
SRR16013083_1.fastq.gz	(150, 100000.0)																								
SRR16013083_1.trimmed.fastq.gz	(30, 7.0)	(35, 9.0)	(40, 18.0)	(45, 36.0)	(50, 66.0)	(55, 89.0)	(60, 172.0)	(65, 275.0)	(70, 476.0)	(75, 691.0)	(80, 1168.0)	(85, 1506.0)	(90, 2309.0)	(95, 2941.0)	(100, 3372.0)	(105, 3783.0)	(110, 4210.0)	(115, 4535.0)	(120, 4478.0)	(125, 4318.0)	(130, 4107.0)	(135, 3917.0)	(140, 3719.0)	(145, 3670.0)	(150, 42210.0)
SRR16013083_2.fastq.gz	(150, 100000.0)																								
SRR16013083_2.trimmed.fastq.gz	(30, 9.0)	(35, 20.0)	(40, 28.0)	(45, 46.0)	(50, 76.0)	(55, 90.0)	(60, 180.0)	(65, 281.0)	(70, 487.0)	(75, 694.0)	(80, 1155.0)	(85, 1496.0)	(90, 2275.0)	(95, 2908.0)	(100, 3330.0)	(105, 3737.0)	(110, 4170.0)	(115, 4485.0)	(120, 4434.0)	(125, 4261.0)	(130, 4068.0)	(135, 3892.0)	(140, 3772.0)	(145, 3686.0)	(150, 42502.0)
SRR16013084_1.fastq.gz	(150, 100000.0)																								
SRR16013084_1.trimmed.fastq.gz	(30, 3.0)	(35, 14.0)	(40, 19.0)	(45, 32.0)	(50, 67.0)	(55, 79.0)	(60, 145.0)	(65, 290.0)	(70, 432.0)	(75, 742.0)	(80, 1030.0)	(85, 1475.0)	(90, 2242.0)	(95, 2887.0)	(100, 3341.0)	(105, 3695.0)	(110, 4100.0)	(115, 4305.0)	(120, 4457.0)	(125, 4303.0)	(130, 4029.0)	(135, 3838.0)	(140, 3698.0)	(145, 3674.0)	(150, 43200.0)
SRR16013084_2.fastq.gz	(150, 100000.0)																								
SRR16013084_2.trimmed.fastq.gz	(30, 4.0)	(35, 17.0)	(40, 22.0)	(45, 29.0)	(50, 71.0)	(55, 79.0)	(60, 146.0)	(65, 287.0)	(70, 428.0)	(75, 736.0)	(80, 1020.0)	(85, 1465.0)	(90, 2214.0)	(95, 2851.0)	(100, 3306.0)	(105, 3647.0)	(110, 4043.0)	(115, 4251.0)	(120, 4394.0)	(125, 4260.0)	(130, 3970.0)	(135, 3807.0)	(140, 3717.0)	(145, 3684.0)	(150, 43649.0)
SRR16013090_1.fastq.gz	(150, 100000.0)																								
SRR16013090_1.trimmed.fastq.gz	(30, 1.0)	(35, 8.0)	(40, 20.0)	(45, 35.0)	(50, 64.0)	(55, 122.0)	(60, 209.0)	(65, 341.0)	(70, 571.0)	(75, 856.0)	(80, 1317.0)	(85, 1832.0)	(90, 2571.0)	(95, 3439.0)	(100, 4024.0)	(105, 4090.0)	(110, 4536.0)	(115, 4770.0)	(120, 4596.0)	(125, 4443.0)	(130, 3894.0)	(135, 3747.0)	(140, 3518.0)	(145, 3430.0)	(150, 34145.0)
SRR16013090_2.fastq.gz	(150, 100000.0)																								
SRR16013090_2.trimmed.fastq.gz	(30, 1.0)	(35, 9.0)	(40, 19.0)	(45, 34.0)	(50, 64.0)	(55, 122.0)	(60, 204.0)	(65, 333.0)	(70, 550.0)	(75, 828.0)	(80, 1276.0)	(85, 1768.0)	(90, 2476.0)	(95, 3316.0)	(100, 3850.0)	(105, 3920.0)	(110, 4357.0)	(115, 4530.0)	(120, 4434.0)	(125, 4272.0)	(130, 3729.0)	(135, 3610.0)	(140, 3547.0)	(145, 3453.0)	(150, 35877.0)
