Sample	Passed Filter	Low Quality	Too Many N	Low Complexity	Too Short	Too Long
SRR16013048_1.fastq.gz_SRR16013048_2.fastq.gz	184248.0	15396.0	18.0	nan	338.0	0.0
SRR16013050_1.fastq.gz_SRR16013050_2.fastq.gz	188668.0	11092.0	42.0	nan	198.0	0.0
SRR16013054_1.fastq.gz_SRR16013054_2.fastq.gz	185538.0	14072.0	26.0	nan	364.0	0.0
SRR16013056_1.fastq.gz_SRR16013056_2.fastq.gz	186882.0	12690.0	26.0	nan	384.0	0.0
SRR16013070_1.fastq.gz_SRR16013070_2.fastq.gz	182198.0	17352.0	20.0	nan	420.0	0.0
SRR16013072_1.fastq.gz_SRR16013072_2.fastq.gz	183890.0	15670.0	30.0	nan	410.0	0.0
SRR16013073_1.fastq.gz_SRR16013073_2.fastq.gz	181490.0	17642.0	66.0	nan	794.0	0.0
SRR16013074_1.fastq.gz_SRR16013074_2.fastq.gz	181280.0	16864.0	0.0	nan	1850.0	0.0
SRR16013082_1.fastq.gz_SRR16013082_2.fastq.gz	186410.0	13222.0	24.0	nan	342.0	0.0
SRR16013083_1.fastq.gz_SRR16013083_2.fastq.gz	184164.0	13994.0	6.0	nan	1832.0	0.0
SRR16013084_1.fastq.gz_SRR16013084_2.fastq.gz	184194.0	14954.0	74.0	nan	776.0	0.0
SRR16013090_1.fastq.gz_SRR16013090_2.fastq.gz	173158.0	25734.0	26.0	nan	1080.0	0.0
