Sample	0	1	2	3	4	5	6	7	8	9	10	11	12	13	14	15	16	17	18	19	20	21	22	23	24	25	26	27	28	29	30	31	32	33	34	35	36	37	38	39	40	41	42	43	44	45	46	47	48	49	50	51	52	53	54	55	56	57	58	59	60	61	62	63	64	65	66	67	68	69	70	71	72	73	74	75	76	77	78	79	80	81	82	83	84	85	86	87	88	89	90	91	92	93	94	95	96	97	98	99	100	101	102	103	104	105	106	107	108	109	110	111	112	113	114	115	116	117	118	119	120	121	122	123	124	125	126	127	128	129	130	131	132	133	134	135	136	137	138	139	140	141	142	143	144	145	146	147	148	149
SRR16013048_1.fastq.gz_SRR16013048_2.fastq.gz	(1, 72.3557)	(2, 46.157399999999996)	(3, 48.9058)	(4, 47.5728)	(5, 47.375299999999996)	(6, 47.3319)	(7, 46.598099999999995)	(8, 52.81249999999999)	(9, 50.700100000000006)	(10, 47.1821)	(11, 57.0145)	(12, 54.0565)	(13, 49.851299999999995)	(14, 49.251)	(15, 49.613600000000005)	(16, 50.9227)	(17, 50.966100000000004)	(18, 50.0076)	(19, 51.208200000000005)	(20, 50.0923)	(21, 50.0955)	(22, 49.9512)	(23, 49.606)	(24, 49.9685)	(25, 50.6014)	(26, 49.632)	(27, 49.061)	(28, 49.4551)	(29, 49.5463)	(30, 49.4279)	(31, 49.7965)	(32, 49.9929)	(33, 49.067499999999995)	(34, 49.6249)	(35, 49.8887)	(36, 50.298500000000004)	(37, 49.6211)	(38, 50.0907)	(39, 48.8899)	(40, 49.670500000000004)	(41, 49.2915)	(42, 49.6167)	(43, 50.306799999999996)	(44, 49.3207)	(45, 49.7187)	(46, 49.2354)	(47, 48.930099999999996)	(48, 49.322700000000005)	(49, 49.3759)	(50, 48.6093)	(51, 49.1389)	(52, 49.4077)	(53, 49.8614)	(54, 50.2103)	(55, 49.086800000000004)	(56, 49.2671)	(57, 47.7635)	(58, 49.2158)	(59, 48.9882)	(60, 49.0886)	(61, 49.5668)	(62, 49.064)	(63, 49.4199)	(64, 49.815799999999996)	(65, 48.2309)	(66, 48.8994)	(67, 49.0396)	(68, 49.1689)	(69, 48.5553)	(70, 48.7346)	(71, 49.3515)	(72, 48.620000000000005)	(73, 49.7724)	(74, 49.2302)	(75, 47.8535)	(76, 49.1042)	(77, 49.0358)	(78, 48.8471)	(79, 49.0323)	(80, 48.315999999999995)	(81, 48.7746)	(82, 49.2708)	(83, 49.8032)	(84, 49.6031)	(85, 49.3515)	(86, 49.955)	(87, 48.123)	(88, 48.9359)	(89, 49.096000000000004)	(90, 49.7637)	(91, 49.7156)	(92, 48.9446)	(93, 48.779)	(94, 49.7525)	(95, 49.2018)	(96, 48.4682)	(97, 50.0309)	(98, 48.7836)	(99, 49.2109)	(100, 48.818400000000004)	(101, 48.1497)	(102, 49.3191)	(103, 48.9463)	(104, 49.025800000000004)	(105, 47.957699999999996)	(106, 48.7658)	(107, 48.9866)	(108, 48.4931)	(109, 48.4028)	(110, 48.4286)	(111, 48.0292)	(112, 49.2995)	(113, 49.060199999999995)	(114, 48.4522)	(115, 48.998999999999995)	(116, 49.8344)	(117, 49.0829)	(118, 48.1873)	(119, 48.5021)	(120, 47.5895)	(121, 47.9416)	(122, 48.1439)	(123, 48.4223)	(124, 48.8836)	(125, 48.315200000000004)	(126, 48.7089)	(127, 48.464)	(128, 48.5561)	(129, 48.8397)	(130, 48.3977)	(131, 49.2463)	(132, 49.3348)	(133, 48.273500000000006)	(134, 49.1135)	(135, 48.4411)	(136, 49.664)	(137, 48.4962)	(138, 47.9074)	(139, 48.9199)	(140, 47.741)	(141, 48.7323)	(142, 49.2515)	(143, 47.6408)	(144, 48.2528)	(145, 48.3507)	(146, 49.138)	(147, 47.3239)	(148, 47.6642)	(149, 48.7203)	(150, 47.5341)
SRR16013050_1.fastq.gz_SRR16013050_2.fastq.gz	(1, 71.2415)	(2, 45.4237)	(3, 47.5672)	(4, 45.876400000000004)	(5, 46.2156)	(6, 45.6082)	(7, 45.606)	(8, 52.3184)	(9, 49.6385)	(10, 45.6887)	(11, 55.3162)	(12, 53.581999999999994)	(13, 48.8127)	(14, 49.0332)	(15, 48.661100000000005)	(16, 50.1686)	(17, 50.098600000000005)	(18, 49.0905)	(19, 50.0053)	(20, 49.2654)	(21, 49.1127)	(22, 49.1519)	(23, 48.489399999999996)	(24, 48.4131)	(25, 49.4223)	(26, 48.8382)	(27, 48.133199999999995)	(28, 48.937799999999996)	(29, 49.180600000000005)	(30, 48.531800000000004)	(31, 49.1721)	(32, 49.2044)	(33, 48.05)	(34, 49.2595)	(35, 48.863)	(36, 49.101)	(37, 49.0316)	(38, 48.9606)	(39, 47.902499999999996)	(40, 48.857099999999996)	(41, 48.8544)	(42, 48.456900000000005)	(43, 49.0294)	(44, 48.3874)	(45, 48.8767)	(46, 48.9371)	(47, 48.4386)	(48, 48.3309)	(49, 48.2348)	(50, 48.0941)	(51, 48.3029)	(52, 48.5956)	(53, 48.768899999999995)	(54, 48.7916)	(55, 47.9907)	(56, 48.675000000000004)	(57, 47.2848)	(58, 48.606)	(59, 48.0601)	(60, 47.828700000000005)	(61, 49.0024)	(62, 48.0405)	(63, 48.3493)	(64, 48.545899999999996)	(65, 48.1445)	(66, 47.8923)	(67, 48.2378)	(68, 48.1269)	(69, 47.8687)	(70, 47.923100000000005)	(71, 48.1094)	(72, 48.1443)	(73, 48.9869)	(74, 48.222)	(75, 47.4092)	(76, 48.6472)	(77, 48.2451)	(78, 48.369099999999996)	(79, 48.4576)	(80, 47.3705)	(81, 48.033)	(82, 48.3641)	(83, 49.113099999999996)	(84, 48.6024)	(85, 48.8506)	(86, 48.693999999999996)	(87, 47.5408)	(88, 48.3668)	(89, 48.3956)	(90, 48.6638)	(91, 48.7971)	(92, 48.2932)	(93, 47.7717)	(94, 48.8201)	(95, 48.7044)	(96, 47.6384)	(97, 48.8912)	(98, 47.5501)	(99, 48.351699999999994)	(100, 48.0874)	(101, 48.3221)	(102, 48.202099999999994)	(103, 48.2138)	(104, 48.221599999999995)	(105, 47.4904)	(106, 48.1976)	(107, 48.3684)	(108, 48.0505)	(109, 47.7121)	(110, 47.9005)	(111, 46.974)	(112, 49.1038)	(113, 48.2397)	(114, 47.6895)	(115, 48.7586)	(116, 48.4408)	(117, 48.0075)	(118, 47.7563)	(119, 48.0142)	(120, 47.4194)	(121, 47.8283)	(122, 47.914699999999996)	(123, 48.2182)	(124, 48.4277)	(125, 48.1068)	(126, 48.1458)	(127, 48.3393)	(128, 48.171)	(129, 48.0302)	(130, 47.9636)	(131, 48.8529)	(132, 48.530699999999996)	(133, 48.1832)	(134, 48.8108)	(135, 47.822900000000004)	(136, 48.64)	(137, 47.967999999999996)	(138, 47.7022)	(139, 48.1032)	(140, 47.742000000000004)	(141, 48.0164)	(142, 48.796800000000005)	(143, 47.551500000000004)	(144, 48.111399999999996)	(145, 48.3048)	(146, 48.2433)	(147, 47.700199999999995)	(148, 47.761900000000004)	(149, 48.9268)	(150, 47.56)
SRR16013054_1.fastq.gz_SRR16013054_2.fastq.gz	(1, 72.4714)	(2, 45.307199999999995)	(3, 48.6757)	(4, 46.5899)	(5, 46.7322)	(6, 46.8756)	(7, 46.2072)	(8, 52.201699999999995)	(9, 50.169799999999995)	(10, 46.5209)	(11, 56.255900000000004)	(12, 53.6289)	(13, 49.855)	(14, 49.1263)	(15, 49.492799999999995)	(16, 51.3372)	(17, 50.3487)	(18, 49.8324)	(19, 51.0591)	(20, 49.9628)	(21, 50.159)	(22, 49.7116)	(23, 49.4034)	(24, 49.5209)	(25, 50.2819)	(26, 49.1597)	(27, 48.8806)	(28, 49.2201)	(29, 49.5909)	(30, 49.187799999999996)	(31, 49.656099999999995)	(32, 49.7963)	(33, 49.0217)	(34, 49.4755)	(35, 49.666900000000005)	(36, 50.1288)	(37, 50.1601)	(38, 49.660900000000005)	(39, 48.6923)	(40, 49.5208)	(41, 49.3817)	(42, 49.2857)	(43, 50.023700000000005)	(44, 49.064600000000006)	(45, 49.5935)	(46, 49.284499999999994)	(47, 49.2483)	(48, 49.472)	(49, 49.7109)	(50, 48.5841)	(51, 49.202600000000004)	(52, 49.0606)	(53, 49.534299999999995)	(54, 49.3864)	(55, 49.1056)	(56, 48.8739)	(57, 48.3964)	(58, 49.4475)	(59, 49.0086)	(60, 49.073699999999995)	(61, 49.647000000000006)	(62, 48.881099999999996)	(63, 49.3351)	(64, 49.2791)	(65, 48.723499999999994)	(66, 48.606100000000005)	(67, 49.3807)	(68, 49.0649)	(69, 48.842)	(70, 49.038)	(71, 48.6462)	(72, 49.2793)	(73, 49.547200000000004)	(74, 49.1348)	(75, 48.1913)	(76, 48.9281)	(77, 48.7799)	(78, 48.6431)	(79, 48.858200000000004)	(80, 47.8673)	(81, 48.886)	(82, 48.4842)	(83, 49.9739)	(84, 49.5365)	(85, 49.3396)	(86, 49.4829)	(87, 48.355)	(88, 48.8547)	(89, 48.8269)	(90, 49.1447)	(91, 49.2255)	(92, 48.8566)	(93, 48.6173)	(94, 49.2179)	(95, 49.1633)	(96, 48.3502)	(97, 49.322)	(98, 48.3197)	(99, 49.1398)	(100, 48.4813)	(101, 48.475699999999996)	(102, 48.6543)	(103, 48.8031)	(104, 48.3342)	(105, 47.5484)	(106, 48.551)	(107, 48.9865)	(108, 48.1893)	(109, 48.6562)	(110, 48.4665)	(111, 47.9066)	(112, 49.117)	(113, 48.6378)	(114, 48.093599999999995)	(115, 48.6346)	(116, 48.455799999999996)	(117, 49.1849)	(118, 48.7133)	(119, 48.450199999999995)	(120, 47.834199999999996)	(121, 47.8312)	(122, 48.5571)	(123, 47.997499999999995)	(124, 48.5605)	(125, 48.1559)	(126, 48.381)	(127, 48.5448)	(128, 48.6078)	(129, 48.2299)	(130, 48.8659)	(131, 49.08)	(132, 48.7215)	(133, 48.9494)	(134, 48.7121)	(135, 48.2848)	(136, 49.012299999999996)	(137, 48.780499999999996)	(138, 47.8403)	(139, 48.7451)	(140, 47.1198)	(141, 48.248799999999996)	(142, 48.599)	(143, 47.7781)	(144, 47.5163)	(145, 48.2074)	(146, 48.538199999999996)	(147, 47.131)	(148, 47.6354)	(149, 48.477)	(150, 48.2312)
SRR16013056_1.fastq.gz_SRR16013056_2.fastq.gz	(1, 72.11070000000001)	(2, 46.190599999999996)	(3, 48.3963)	(4, 47.0554)	(5, 46.7589)	(6, 46.6958)	(7, 46.0194)	(8, 52.858000000000004)	(9, 50.3195)	(10, 46.285900000000005)	(11, 56.3275)	(12, 54.0031)	(13, 49.458999999999996)	(14, 49.6912)	(15, 49.425799999999995)	(16, 51.029)	(17, 50.4179)	(18, 49.6987)	(19, 51.0301)	(20, 49.742599999999996)	(21, 50.2488)	(22, 49.837900000000005)	(23, 49.3927)	(24, 49.7523)	(25, 50.468199999999996)	(26, 49.092999999999996)	(27, 49.0224)	(28, 49.420500000000004)	(29, 49.9021)	(30, 49.3338)	(31, 50.0664)	(32, 50.043899999999994)	(33, 48.8292)	(34, 49.8127)	(35, 49.7517)	(36, 50.7722)	(37, 49.7148)	(38, 49.5328)	(39, 48.9061)	(40, 49.3417)	(41, 49.1902)	(42, 49.5563)	(43, 50.240899999999996)	(44, 49.7184)	(45, 49.5546)	(46, 49.3276)	(47, 48.716100000000004)	(48, 49.4437)	(49, 49.607)	(50, 48.3009)	(51, 49.4098)	(52, 49.245400000000004)	(53, 49.8468)	(54, 49.8704)	(55, 48.8358)	(56, 49.0392)	(57, 47.6281)	(58, 49.1789)	(59, 48.7964)	(60, 48.9109)	(61, 49.309)	(62, 48.7828)	(63, 49.5286)	(64, 49.1375)	(65, 48.6245)	(66, 48.666199999999996)	(67, 48.981700000000004)	(68, 49.1255)	(69, 48.6665)	(70, 48.8964)	(71, 48.9624)	(72, 48.615700000000004)	(73, 49.7115)	(74, 49.3416)	(75, 48.1809)	(76, 48.9202)	(77, 48.844300000000004)	(78, 49.0839)	(79, 49.355)	(80, 47.9817)	(81, 48.999700000000004)	(82, 49.2208)	(83, 49.9555)	(84, 49.344300000000004)	(85, 49.7803)	(86, 49.640699999999995)	(87, 48.1574)	(88, 49.099199999999996)	(89, 48.9167)	(90, 49.4743)	(91, 49.492999999999995)	(92, 48.782599999999995)	(93, 48.8123)	(94, 49.5297)	(95, 49.4072)	(96, 48.221799999999995)	(97, 49.8745)	(98, 48.531)	(99, 49.0993)	(100, 48.8981)	(101, 48.4789)	(102, 48.9009)	(103, 48.8744)	(104, 48.9282)	(105, 47.881299999999996)	(106, 48.5645)	(107, 49.1192)	(108, 48.6821)	(109, 48.0106)	(110, 49.039899999999996)	(111, 47.5924)	(112, 49.4728)	(113, 48.9112)	(114, 48.194700000000005)	(115, 49.446400000000004)	(116, 49.350300000000004)	(117, 48.6706)	(118, 48.780699999999996)	(119, 48.282199999999996)	(120, 48.157)	(121, 47.7856)	(122, 48.4473)	(123, 48.5095)	(124, 49.187799999999996)	(125, 48.571)	(126, 48.9294)	(127, 48.6318)	(128, 49.0491)	(129, 48.6477)	(130, 48.572900000000004)	(131, 48.9933)	(132, 49.4693)	(133, 48.6932)	(134, 49.445699999999995)	(135, 48.5303)	(136, 49.6911)	(137, 49.013400000000004)	(138, 48.447)	(139, 48.974000000000004)	(140, 48.4974)	(141, 48.449999999999996)	(142, 49.6997)	(143, 47.7995)	(144, 48.9281)	(145, 48.8542)	(146, 49.1712)	(147, 48.103699999999996)	(148, 48.128)	(149, 49.1987)	(150, 48.0584)
SRR16013070_1.fastq.gz_SRR16013070_2.fastq.gz	(1, 72.6934)	(2, 46.5559)	(3, 49.3112)	(4, 47.9391)	(5, 47.4539)	(6, 47.6284)	(7, 46.597699999999996)	(8, 53.2355)	(9, 50.736000000000004)	(10, 47.2947)	(11, 57.3793)	(12, 54.318900000000006)	(13, 49.9501)	(14, 49.7393)	(15, 49.2014)	(16, 51.2838)	(17, 51.1773)	(18, 49.9347)	(19, 51.367200000000004)	(20, 50.3178)	(21, 50.117999999999995)	(22, 50.3035)	(23, 49.8238)	(24, 50.1422)	(25, 50.859)	(26, 49.5966)	(27, 49.186099999999996)	(28, 49.5713)	(29, 50.0247)	(30, 49.6614)	(31, 50.29090000000001)	(32, 50.4803)	(33, 48.9653)	(34, 49.994)	(35, 50.034)	(36, 50.7723)	(37, 49.8139)	(38, 50.27890000000001)	(39, 48.897600000000004)	(40, 49.425799999999995)	(41, 49.5767)	(42, 49.8512)	(43, 50.7599)	(44, 49.589299999999994)	(45, 50.1686)	(46, 48.904399999999995)	(47, 49.285000000000004)	(48, 49.4799)	(49, 49.5952)	(50, 48.776799999999994)	(51, 49.559999999999995)	(52, 49.3738)	(53, 49.8714)	(54, 50.5495)	(55, 48.754799999999996)	(56, 49.1008)	(57, 47.3452)	(58, 49.2681)	(59, 48.8566)	(60, 48.6224)	(61, 50.4298)	(62, 48.79)	(63, 49.994499999999995)	(64, 49.2388)	(65, 48.592200000000005)	(66, 48.681999999999995)	(67, 49.4221)	(68, 49.0815)	(69, 48.9921)	(70, 48.7301)	(71, 49.1459)	(72, 49.033500000000004)	(73, 50.0421)	(74, 49.8088)	(75, 48.0467)	(76, 49.1821)	(77, 49.3963)	(78, 49.188700000000004)	(79, 49.4319)	(80, 47.932)	(81, 49.410900000000005)	(82, 48.790299999999995)	(83, 50.5124)	(84, 50.03999999999999)	(85, 49.7225)	(86, 50.368599999999994)	(87, 48.3724)	(88, 48.827999999999996)	(89, 49.3533)	(90, 49.9799)	(91, 49.6201)	(92, 48.951499999999996)	(93, 48.7843)	(94, 50.3756)	(95, 49.3282)	(96, 48.7967)	(97, 50.262499999999996)	(98, 48.400999999999996)	(99, 49.506499999999996)	(100, 48.8656)	(101, 48.4409)	(102, 49.1159)	(103, 49.3973)	(104, 49.2079)	(105, 47.9568)	(106, 48.5402)	(107, 48.8454)	(108, 48.8472)	(109, 48.3668)	(110, 48.7176)	(111, 47.796699999999994)	(112, 49.479600000000005)	(113, 49.228899999999996)	(114, 48.5269)	(115, 49.6863)	(116, 49.4069)	(117, 49.336200000000005)	(118, 48.9306)	(119, 48.5494)	(120, 48.2918)	(121, 47.6302)	(122, 48.267700000000005)	(123, 48.5232)	(124, 49.5575)	(125, 48.2791)	(126, 49.4913)	(127, 48.8654)	(128, 49.7729)	(129, 48.612300000000005)	(130, 48.8899)	(131, 50.218799999999995)	(132, 50.0835)	(133, 48.9935)	(134, 49.4173)	(135, 49.0827)	(136, 50.917500000000004)	(137, 49.5843)	(138, 49.0597)	(139, 49.2558)	(140, 49.1006)	(141, 49.3418)	(142, 49.7246)	(143, 48.6278)	(144, 48.1472)	(145, 48.334700000000005)	(146, 49.6841)	(147, 48.3336)	(148, 48.065400000000004)	(149, 49.6184)	(150, 48.3652)
SRR16013072_1.fastq.gz_SRR16013072_2.fastq.gz	(1, 73.5744)	(2, 47.2304)	(3, 50.1996)	(4, 49.158699999999996)	(5, 48.4953)	(6, 48.647600000000004)	(7, 46.5539)	(8, 53.4232)	(9, 51.5275)	(10, 48.0396)	(11, 57.8542)	(12, 55.2624)	(13, 49.9886)	(14, 50.18)	(15, 49.696)	(16, 51.6787)	(17, 51.7451)	(18, 50.815200000000004)	(19, 52.192099999999996)	(20, 50.7456)	(21, 51.5678)	(22, 50.8641)	(23, 50.5835)	(24, 51.02719999999999)	(25, 51.194700000000005)	(26, 50.2703)	(27, 49.6253)	(28, 50.3943)	(29, 51.4656)	(30, 50.454100000000004)	(31, 51.527)	(32, 51.2394)	(33, 49.849900000000005)	(34, 50.6254)	(35, 50.8359)	(36, 52.2756)	(37, 50.7963)	(38, 51.0885)	(39, 49.8063)	(40, 50.16589999999999)	(41, 50.5985)	(42, 50.890100000000004)	(43, 51.755300000000005)	(44, 50.637699999999995)	(45, 51.0698)	(46, 49.7807)	(47, 49.483)	(48, 50.4213)	(49, 50.3467)	(50, 49.1709)	(51, 50.466100000000004)	(52, 50.213499999999996)	(53, 50.9988)	(54, 52.0475)	(55, 49.1093)	(56, 49.809799999999996)	(57, 48.098600000000005)	(58, 49.933)	(59, 49.635200000000005)	(60, 49.5249)	(61, 50.9341)	(62, 49.4405)	(63, 50.733399999999996)	(64, 49.8978)	(65, 49.1766)	(66, 49.426500000000004)	(67, 50.055899999999994)	(68, 49.7517)	(69, 49.9364)	(70, 49.172)	(71, 49.6972)	(72, 49.8267)	(73, 51.1302)	(74, 50.478699999999996)	(75, 48.2337)	(76, 49.467)	(77, 49.8126)	(78, 50.381299999999996)	(79, 50.1949)	(80, 48.0264)	(81, 50.270700000000005)	(82, 49.7566)	(83, 52.125)	(84, 51.154999999999994)	(85, 50.5345)	(86, 51.336499999999994)	(87, 49.457)	(88, 49.885400000000004)	(89, 49.519800000000004)	(90, 50.98740000000001)	(91, 50.5719)	(92, 49.6109)	(93, 49.8815)	(94, 51.287400000000005)	(95, 50.8112)	(96, 49.0045)	(97, 51.3599)	(98, 48.7038)	(99, 50.48160000000001)	(100, 49.308099999999996)	(101, 48.6712)	(102, 49.9215)	(103, 49.437599999999996)	(104, 49.7914)	(105, 47.6532)	(106, 49.0699)	(107, 49.827799999999996)	(108, 49.406499999999994)	(109, 48.5777)	(110, 49.237199999999994)	(111, 47.5621)	(112, 49.858000000000004)	(113, 50.493500000000004)	(114, 49.5242)	(115, 50.29900000000001)	(116, 50.6282)	(117, 49.851800000000004)	(118, 49.5246)	(119, 49.4024)	(120, 48.6373)	(121, 48.3826)	(122, 49.1116)	(123, 49.2344)	(124, 50.138400000000004)	(125, 49.2705)	(126, 49.808400000000006)	(127, 49.8459)	(128, 49.7352)	(129, 49.2934)	(130, 49.222)	(131, 50.6718)	(132, 50.385400000000004)	(133, 48.889700000000005)	(134, 50.4421)	(135, 49.5558)	(136, 51.1278)	(137, 49.5128)	(138, 48.9985)	(139, 49.8821)	(140, 48.851499999999994)	(141, 49.208200000000005)	(142, 50.4694)	(143, 47.7248)	(144, 48.9444)	(145, 48.9342)	(146, 50.0499)	(147, 47.9238)	(148, 47.8628)	(149, 50.357600000000005)	(150, 48.513099999999994)
SRR16013073_1.fastq.gz_SRR16013073_2.fastq.gz	(1, 73.56660000000001)	(2, 46.915)	(3, 50.1945)	(4, 49.182900000000004)	(5, 48.3145)	(6, 49.476)	(7, 46.517199999999995)	(8, 53.97539999999999)	(9, 51.7461)	(10, 48.028)	(11, 58.5244)	(12, 55.19199999999999)	(13, 50.3278)	(14, 50.6144)	(15, 49.53)	(16, 51.68770000000001)	(17, 51.964299999999994)	(18, 51.1764)	(19, 52.4448)	(20, 50.8987)	(21, 51.7858)	(22, 50.9934)	(23, 50.726800000000004)	(24, 51.3185)	(25, 51.47389999999999)	(26, 51.013299999999994)	(27, 50.165800000000004)	(28, 50.5571)	(29, 51.68000000000001)	(30, 51.329499999999996)	(31, 52.050799999999995)	(32, 52.109300000000005)	(33, 50.774699999999996)	(34, 51.3181)	(35, 51.387499999999996)	(36, 52.827999999999996)	(37, 51.44879999999999)	(38, 51.5182)	(39, 50.0711)	(40, 50.3814)	(41, 51.1011)	(42, 51.684200000000004)	(43, 52.330299999999994)	(44, 50.8748)	(45, 52.1817)	(46, 50.6301)	(47, 50.3319)	(48, 51.019999999999996)	(49, 50.595)	(50, 49.888)	(51, 50.905100000000004)	(52, 50.547200000000004)	(53, 51.7661)	(54, 52.589)	(55, 49.6788)	(56, 50.3285)	(57, 48.414699999999996)	(58, 50.6197)	(59, 50.0845)	(60, 50.021)	(61, 51.485)	(62, 49.922)	(63, 51.6903)	(64, 50.4764)	(65, 49.8548)	(66, 50.02720000000001)	(67, 50.9247)	(68, 50.2527)	(69, 49.8882)	(70, 49.754599999999996)	(71, 50.376)	(72, 50.7724)	(73, 51.782799999999995)	(74, 51.019099999999995)	(75, 48.8603)	(76, 50.354699999999994)	(77, 50.451100000000004)	(78, 50.623799999999996)	(79, 50.8397)	(80, 48.7175)	(81, 51.03)	(82, 50.041000000000004)	(83, 52.6203)	(84, 52.26690000000001)	(85, 51.205999999999996)	(86, 51.8637)	(87, 49.7313)	(88, 50.3938)	(89, 50.700100000000006)	(90, 51.824999999999996)	(91, 51.207100000000004)	(92, 50.5236)	(93, 50.782000000000004)	(94, 51.94499999999999)	(95, 51.544599999999996)	(96, 49.816)	(97, 51.634899999999995)	(98, 49.3052)	(99, 51.4447)	(100, 49.9458)	(101, 49.1304)	(102, 51.0494)	(103, 50.59)	(104, 50.0)	(105, 48.985800000000005)	(106, 49.825399999999995)	(107, 51.058400000000006)	(108, 50.3895)	(109, 49.2609)	(110, 49.5917)	(111, 48.268)	(112, 51.118900000000004)	(113, 50.7718)	(114, 49.8469)	(115, 50.5567)	(116, 51.3609)	(117, 51.1679)	(118, 50.23030000000001)	(119, 50.1937)	(120, 49.6042)	(121, 48.6304)	(122, 49.242399999999996)	(123, 49.938700000000004)	(124, 50.8099)	(125, 50.033300000000004)	(126, 51.0957)	(127, 50.410999999999994)	(128, 50.3397)	(129, 50.281)	(130, 49.7857)	(131, 51.9293)	(132, 51.5538)	(133, 49.7186)	(134, 51.6008)	(135, 50.3703)	(136, 52.1865)	(137, 50.81)	(138, 49.9917)	(139, 50.794799999999995)	(140, 49.4841)	(141, 50.499)	(142, 51.5475)	(143, 49.5075)	(144, 50.223)	(145, 50.1831)	(146, 50.7799)	(147, 49.149300000000004)	(148, 48.8182)	(149, 51.7451)	(150, 49.911)
SRR16013074_1.fastq.gz_SRR16013074_2.fastq.gz	(1, 73.73570000000001)	(2, 46.6086)	(3, 50.1225)	(4, 49.119600000000005)	(5, 48.0505)	(6, 49.1086)	(7, 46.4298)	(8, 53.646300000000004)	(9, 51.3372)	(10, 47.81)	(11, 57.956799999999994)	(12, 55.1975)	(13, 50.0993)	(14, 50.039699999999996)	(15, 49.660199999999996)	(16, 51.7994)	(17, 51.941700000000004)	(18, 50.9389)	(19, 52.735)	(20, 50.7028)	(21, 51.5788)	(22, 51.436499999999995)	(23, 50.600199999999994)	(24, 51.376900000000006)	(25, 51.6339)	(26, 50.5207)	(27, 50.2924)	(28, 50.7315)	(29, 51.9031)	(30, 51.273199999999996)	(31, 52.08350000000001)	(32, 52.12989999999999)	(33, 50.4154)	(34, 51.460899999999995)	(35, 51.4317)	(36, 52.781800000000004)	(37, 51.4534)	(38, 51.634)	(39, 50.586600000000004)	(40, 50.7969)	(41, 51.0951)	(42, 51.66929999999999)	(43, 52.332)	(44, 50.9276)	(45, 51.94760000000001)	(46, 50.4131)	(47, 50.5402)	(48, 50.8412)	(49, 50.78939999999999)	(50, 49.8994)	(51, 50.8598)	(52, 50.605199999999996)	(53, 51.3567)	(54, 52.5146)	(55, 49.694700000000005)	(56, 50.1162)	(57, 48.4528)	(58, 50.8646)	(59, 49.7935)	(60, 50.293600000000005)	(61, 51.453)	(62, 50.0072)	(63, 51.602199999999996)	(64, 50.6135)	(65, 49.2433)	(66, 49.975)	(67, 50.628099999999996)	(68, 50.575199999999995)	(69, 50.3088)	(70, 49.4951)	(71, 50.2938)	(72, 50.3753)	(73, 51.614599999999996)	(74, 50.997800000000005)	(75, 48.9856)	(76, 50.295199999999994)	(77, 50.144999999999996)	(78, 50.863400000000006)	(79, 50.658)	(80, 48.8945)	(81, 51.10940000000001)	(82, 50.3015)	(83, 52.4237)	(84, 52.078199999999995)	(85, 51.0687)	(86, 51.9195)	(87, 49.7667)	(88, 50.8728)	(89, 50.6154)	(90, 51.9107)	(91, 51.2927)	(92, 50.497499999999995)	(93, 50.8752)	(94, 52.128)	(95, 51.2869)	(96, 50.035)	(97, 52.174200000000006)	(98, 49.907000000000004)	(99, 51.4265)	(100, 50.2768)	(101, 49.3994)	(102, 51.194799999999994)	(103, 50.5134)	(104, 50.7368)	(105, 48.8453)	(106, 49.7151)	(107, 50.94800000000001)	(108, 50.6618)	(109, 49.5297)	(110, 49.5561)	(111, 48.8723)	(112, 51.3319)	(113, 50.8622)	(114, 50.2417)	(115, 50.9413)	(116, 51.0736)	(117, 51.58540000000001)	(118, 50.090900000000005)	(119, 49.7826)	(120, 49.3303)	(121, 49.3189)	(122, 49.63)	(123, 50.1807)	(124, 51.06230000000001)	(125, 50.151500000000006)	(126, 51.22259999999999)	(127, 50.5293)	(128, 50.8628)	(129, 51.0184)	(130, 49.7686)	(131, 52.4146)	(132, 51.842999999999996)	(133, 50.9123)	(134, 51.6586)	(135, 51.055099999999996)	(136, 52.8718)	(137, 51.354299999999995)	(138, 50.534)	(139, 50.8527)	(140, 50.1169)	(141, 51.1301)	(142, 52.1551)	(143, 49.578)	(144, 50.421400000000006)	(145, 50.409499999999994)	(146, 51.8883)	(147, 49.5668)	(148, 49.4867)	(149, 51.904799999999994)	(150, 50.55349999999999)
SRR16013082_1.fastq.gz_SRR16013082_2.fastq.gz	(1, 72.4596)	(2, 44.9386)	(3, 48.3)	(4, 46.989999999999995)	(5, 46.4825)	(6, 46.9331)	(7, 45.5995)	(8, 52.2772)	(9, 50.558400000000006)	(10, 46.7228)	(11, 56.40579999999999)	(12, 54.2085)	(13, 49.095)	(14, 49.2313)	(15, 49.082100000000004)	(16, 50.6861)	(17, 50.4909)	(18, 50.0005)	(19, 51.0359)	(20, 49.9555)	(21, 50.199000000000005)	(22, 49.7023)	(23, 49.2538)	(24, 50.0692)	(25, 50.080999999999996)	(26, 48.7055)	(27, 49.0124)	(28, 49.0296)	(29, 50.019800000000004)	(30, 49.4373)	(31, 50.10679999999999)	(32, 50.27310000000001)	(33, 48.519400000000005)	(34, 49.6062)	(35, 50.015600000000006)	(36, 50.2167)	(37, 49.4474)	(38, 49.868)	(39, 48.5981)	(40, 49.6588)	(41, 49.440400000000004)	(42, 49.5042)	(43, 50.345)	(44, 48.989)	(45, 50.116400000000006)	(46, 49.2261)	(47, 48.7398)	(48, 49.3656)	(49, 49.147600000000004)	(50, 48.7288)	(51, 49.3337)	(52, 49.5914)	(53, 49.8416)	(54, 50.2325)	(55, 48.6009)	(56, 48.7839)	(57, 47.5761)	(58, 49.3735)	(59, 48.742999999999995)	(60, 48.9383)	(61, 49.4564)	(62, 48.4844)	(63, 49.4351)	(64, 49.1443)	(65, 47.9448)	(66, 48.3193)	(67, 49.071)	(68, 49.2204)	(69, 48.6487)	(70, 48.4191)	(71, 48.5132)	(72, 49.1186)	(73, 50.100699999999996)	(74, 49.0871)	(75, 47.9408)	(76, 48.7434)	(77, 48.8891)	(78, 48.8733)	(79, 49.0425)	(80, 48.1211)	(81, 49.0541)	(82, 48.9254)	(83, 50.2478)	(84, 49.9311)	(85, 49.6714)	(86, 49.843900000000005)	(87, 48.1283)	(88, 49.4914)	(89, 48.992999999999995)	(90, 49.603)	(91, 49.8514)	(92, 49.0354)	(93, 48.9649)	(94, 50.1993)	(95, 49.6882)	(96, 48.4402)	(97, 49.857600000000005)	(98, 48.1066)	(99, 49.4754)	(100, 49.3406)	(101, 48.2316)	(102, 49.0533)	(103, 48.6919)	(104, 48.9333)	(105, 47.800599999999996)	(106, 48.5144)	(107, 48.6797)	(108, 48.418299999999995)	(109, 48.0365)	(110, 48.483399999999996)	(111, 47.5184)	(112, 49.669000000000004)	(113, 49.0712)	(114, 48.5439)	(115, 49.294399999999996)	(116, 49.183)	(117, 49.284800000000004)	(118, 48.3933)	(119, 48.6875)	(120, 47.8793)	(121, 47.6205)	(122, 48.268)	(123, 48.1628)	(124, 49.4574)	(125, 47.8502)	(126, 49.1539)	(127, 48.904599999999995)	(128, 48.977199999999996)	(129, 48.664699999999996)	(130, 48.6791)	(131, 49.5189)	(132, 49.1283)	(133, 48.6377)	(134, 49.453)	(135, 48.2207)	(136, 50.721000000000004)	(137, 48.8731)	(138, 48.3456)	(139, 48.9887)	(140, 48.424499999999995)	(141, 49.1409)	(142, 49.9484)	(143, 48.2095)	(144, 48.6164)	(145, 48.6635)	(146, 49.6874)	(147, 48.1273)	(148, 47.6682)	(149, 48.8113)	(150, 48.476)
SRR16013083_1.fastq.gz_SRR16013083_2.fastq.gz	(1, 72.2345)	(2, 45.0381)	(3, 48.3775)	(4, 47.1015)	(5, 46.9256)	(6, 47.1645)	(7, 45.6213)	(8, 52.4902)	(9, 50.772099999999995)	(10, 46.4304)	(11, 56.6343)	(12, 54.1832)	(13, 49.7339)	(14, 49.3245)	(15, 48.6697)	(16, 50.626599999999996)	(17, 50.6581)	(18, 49.9348)	(19, 51.4074)	(20, 49.768699999999995)	(21, 50.526700000000005)	(22, 50.2194)	(23, 50.1618)	(24, 50.096700000000006)	(25, 50.288900000000005)	(26, 49.4212)	(27, 49.3017)	(28, 49.6948)	(29, 50.297599999999996)	(30, 49.8881)	(31, 50.6521)	(32, 50.78359999999999)	(33, 49.302800000000005)	(34, 50.3486)	(35, 50.2742)	(36, 51.0231)	(37, 50.42959999999999)	(38, 50.632200000000005)	(39, 48.9338)	(40, 50.151500000000006)	(41, 50.0092)	(42, 50.0842)	(43, 51.1115)	(44, 49.7343)	(45, 50.3092)	(46, 49.821799999999996)	(47, 49.6865)	(48, 49.8386)	(49, 49.9516)	(50, 49.0525)	(51, 49.7363)	(52, 49.8695)	(53, 50.454699999999995)	(54, 51.3796)	(55, 48.9864)	(56, 49.4178)	(57, 47.8606)	(58, 50.068599999999996)	(59, 49.1213)	(60, 49.4091)	(61, 50.0131)	(62, 48.8506)	(63, 50.1254)	(64, 50.1058)	(65, 48.9485)	(66, 49.4131)	(67, 49.771100000000004)	(68, 49.4818)	(69, 49.166900000000005)	(70, 49.1768)	(71, 49.422)	(72, 49.5344)	(73, 50.9382)	(74, 49.7967)	(75, 48.5743)	(76, 49.4176)	(77, 49.4694)	(78, 49.7249)	(79, 49.4616)	(80, 48.2539)	(81, 49.5298)	(82, 49.377700000000004)	(83, 50.65690000000001)	(84, 50.6379)	(85, 49.9584)	(86, 50.5494)	(87, 48.9494)	(88, 49.5712)	(89, 49.4718)	(90, 50.8272)	(91, 50.444)	(92, 49.500499999999995)	(93, 49.4365)	(94, 50.7131)	(95, 50.166)	(96, 49.0865)	(97, 50.63029999999999)	(98, 48.6852)	(99, 50.3055)	(100, 49.4747)	(101, 48.6796)	(102, 50.1369)	(103, 49.374)	(104, 49.8094)	(105, 48.359)	(106, 49.3196)	(107, 49.522800000000004)	(108, 49.4153)	(109, 48.9089)	(110, 49.350300000000004)	(111, 48.463899999999995)	(112, 50.419000000000004)	(113, 49.7014)	(114, 49.157000000000004)	(115, 50.0745)	(116, 49.952999999999996)	(117, 50.233399999999996)	(118, 49.932)	(119, 49.2451)	(120, 48.992000000000004)	(121, 48.8869)	(122, 49.2535)	(123, 48.9813)	(124, 50.022999999999996)	(125, 49.4685)	(126, 49.951)	(127, 49.885000000000005)	(128, 49.991600000000005)	(129, 50.214400000000005)	(130, 49.2352)	(131, 51.2247)	(132, 50.573)	(133, 50.184799999999996)	(134, 50.4593)	(135, 50.117)	(136, 51.922900000000006)	(137, 50.2468)	(138, 49.6221)	(139, 50.1409)	(140, 49.3575)	(141, 49.82)	(142, 50.8717)	(143, 49.3892)	(144, 49.8027)	(145, 50.1039)	(146, 50.6859)	(147, 49.1006)	(148, 49.4685)	(149, 50.4811)	(150, 50.327)
SRR16013084_1.fastq.gz_SRR16013084_2.fastq.gz	(1, 72.44319999999999)	(2, 45.0427)	(3, 48.1753)	(4, 47.3761)	(5, 46.6573)	(6, 47.1883)	(7, 45.983000000000004)	(8, 52.8345)	(9, 50.6629)	(10, 46.2577)	(11, 56.6794)	(12, 54.426300000000005)	(13, 49.3512)	(14, 49.4403)	(15, 49.047200000000004)	(16, 50.606399999999994)	(17, 50.7834)	(18, 49.9158)	(19, 51.7465)	(20, 50.03959999999999)	(21, 50.5196)	(22, 49.9343)	(23, 49.7475)	(24, 50.183)	(25, 50.361)	(26, 49.5282)	(27, 49.223099999999995)	(28, 49.5456)	(29, 50.9452)	(30, 50.0418)	(31, 50.82790000000001)	(32, 51.2704)	(33, 49.4278)	(34, 50.23069999999999)	(35, 50.522800000000004)	(36, 51.3373)	(37, 50.0201)	(38, 50.2606)	(39, 49.3136)	(40, 49.7947)	(41, 50.462700000000005)	(42, 50.1151)	(43, 51.1748)	(44, 49.8327)	(45, 50.4476)	(46, 49.3769)	(47, 49.4682)	(48, 49.879400000000004)	(49, 50.1586)	(50, 49.148599999999995)	(51, 50.031000000000006)	(52, 50.0071)	(53, 50.4457)	(54, 51.0721)	(55, 49.310500000000005)	(56, 49.286)	(57, 47.6547)	(58, 50.105)	(59, 49.100100000000005)	(60, 49.4356)	(61, 50.209)	(62, 49.278)	(63, 50.320299999999996)	(64, 49.8572)	(65, 49.149100000000004)	(66, 49.0097)	(67, 49.8789)	(68, 49.5747)	(69, 48.9493)	(70, 49.0956)	(71, 49.5573)	(72, 49.5016)	(73, 50.8569)	(74, 50.0845)	(75, 48.5563)	(76, 49.5318)	(77, 49.9146)	(78, 49.4152)	(79, 49.7601)	(80, 48.3462)	(81, 49.9956)	(82, 49.268299999999996)	(83, 50.686699999999995)	(84, 50.6135)	(85, 50.0717)	(86, 50.7451)	(87, 49.0699)	(88, 49.4945)	(89, 49.9932)	(90, 50.848000000000006)	(91, 50.2826)	(92, 49.5937)	(93, 49.7579)	(94, 50.656400000000005)	(95, 50.0695)	(96, 49.155)	(97, 51.1085)	(98, 48.6214)	(99, 50.249)	(100, 49.485099999999996)	(101, 48.517700000000005)	(102, 49.9902)	(103, 49.3232)	(104, 49.4672)	(105, 48.234700000000004)	(106, 49.5141)	(107, 49.7518)	(108, 49.2391)	(109, 48.8194)	(110, 49.2854)	(111, 48.1206)	(112, 50.270199999999996)	(113, 50.075599999999994)	(114, 49.0676)	(115, 49.9359)	(116, 50.3193)	(117, 49.644800000000004)	(118, 49.7934)	(119, 49.3522)	(120, 48.5277)	(121, 48.608000000000004)	(122, 48.9578)	(123, 49.270199999999996)	(124, 49.5913)	(125, 49.5205)	(126, 49.816)	(127, 49.8654)	(128, 49.900800000000004)	(129, 49.4161)	(130, 48.861900000000006)	(131, 51.0754)	(132, 50.4742)	(133, 49.845099999999995)	(134, 50.8525)	(135, 49.8022)	(136, 51.8373)	(137, 50.1229)	(138, 49.4713)	(139, 49.7111)	(140, 49.2184)	(141, 49.3906)	(142, 50.611)	(143, 48.709599999999995)	(144, 49.3846)	(145, 49.8299)	(146, 50.111799999999995)	(147, 48.612899999999996)	(148, 48.7714)	(149, 50.5285)	(150, 49.1168)
SRR16013090_1.fastq.gz_SRR16013090_2.fastq.gz	(1, 75.2654)	(2, 49.6506)	(3, 49.9925)	(4, 51.2642)	(5, 49.0015)	(6, 50.743300000000005)	(7, 48.0555)	(8, 54.035)	(9, 53.02210000000001)	(10, 48.735800000000005)	(11, 58.328199999999995)	(12, 56.1025)	(13, 51.0424)	(14, 50.6959)	(15, 49.9382)	(16, 52.644400000000005)	(17, 52.76220000000001)	(18, 51.1879)	(19, 53.2323)	(20, 50.679700000000004)	(21, 52.2887)	(22, 51.0297)	(23, 50.3471)	(24, 51.8625)	(25, 51.4132)	(26, 50.651999999999994)	(27, 50.6428)	(28, 49.8932)	(29, 51.591)	(30, 51.054)	(31, 51.780499999999996)	(32, 51.7014)	(33, 50.035799999999995)	(34, 51.1065)	(35, 51.2567)	(36, 52.5515)	(37, 51.5374)	(38, 50.3731)	(39, 50.566599999999994)	(40, 50.29860000000001)	(41, 50.6613)	(42, 51.216899999999995)	(43, 52.06380000000001)	(44, 50.485800000000005)	(45, 51.8544)	(46, 49.4904)	(47, 49.7111)	(48, 50.73609999999999)	(49, 49.7342)	(50, 49.4359)	(51, 50.8526)	(52, 50.0335)	(53, 51.172399999999996)	(54, 52.018600000000006)	(55, 48.6224)	(56, 50.0769)	(57, 47.8045)	(58, 49.8541)	(59, 49.995400000000004)	(60, 50.0822)	(61, 51.0753)	(62, 48.829699999999995)	(63, 51.1292)	(64, 49.975)	(65, 48.602000000000004)	(66, 49.7671)	(67, 50.294200000000004)	(68, 50.234500000000004)	(69, 50.1857)	(70, 49.1882)	(71, 49.424099999999996)	(72, 50.503600000000006)	(73, 51.168899999999994)	(74, 50.4516)	(75, 48.376999999999995)	(76, 49.5775)	(77, 49.7734)	(78, 49.7818)	(79, 50.440200000000004)	(80, 48.4464)	(81, 50.6177)	(82, 50.39)	(83, 52.377300000000005)	(84, 52.077)	(85, 51.077099999999994)	(86, 51.830200000000005)	(87, 49.0512)	(88, 50.180800000000005)	(89, 50.5009)	(90, 52.0972)	(91, 51.283699999999996)	(92, 49.9627)	(93, 49.7506)	(94, 51.7512)	(95, 50.893)	(96, 49.3389)	(97, 51.308600000000006)	(98, 49.0892)	(99, 50.896699999999996)	(100, 49.1539)	(101, 48.3338)	(102, 50.443099999999994)	(103, 50.1404)	(104, 50.2777)	(105, 48.1367)	(106, 48.855)	(107, 49.9964)	(108, 49.438500000000005)	(109, 48.4951)	(110, 48.658699999999996)	(111, 47.9736)	(112, 50.3848)	(113, 50.3012)	(114, 50.19709999999999)	(115, 50.77700000000001)	(116, 50.2787)	(117, 50.2666)	(118, 49.231700000000004)	(119, 48.6843)	(120, 48.3164)	(121, 48.2646)	(122, 49.0698)	(123, 48.796)	(124, 49.8808)	(125, 49.6017)	(126, 49.6203)	(127, 49.4593)	(128, 49.2087)	(129, 49.770900000000005)	(130, 48.7434)	(131, 50.629400000000004)	(132, 51.15880000000001)	(133, 49.5554)	(134, 50.395)	(135, 49.5967)	(136, 51.172200000000004)	(137, 49.9144)	(138, 49.166399999999996)	(139, 48.7515)	(140, 48.384899999999995)	(141, 49.9349)	(142, 50.104899999999994)	(143, 48.2368)	(144, 48.735)	(145, 48.9855)	(146, 49.491099999999996)	(147, 48.2055)	(148, 47.0718)	(149, 50.2833)	(150, 48.29)
