Sample	salmon-percent_mapped	salmon-num_mapped	salmon-library_types	salmon-compatible_fragment_ratio	salmon-strand_mapping_bias	fastp-pct_duplication	fastp-after_filtering_q30_rate	fastp-after_filtering_q30_bases	fastp-filtering_result_passed_filter_reads	fastp-after_filtering_gc_content	fastp-pct_surviving_reads	fastp-pct_surviving_bases	fastp-pct_adapter	fastp-before_filtering_read1_mean_length	fastp-before_filtering_read2_mean_length	fastqc-percent_duplicates	fastqc-percent_gc	fastqc-avg_sequence_length	fastqc-median_sequence_length	fastqc-percent_fails	fastqc-total_sequences
OSCC_1-P	83.65681038600148	0.077068	ISR	98.73171231648261	0.0399381704803678																
OSCC_10-P	89.37090418116554	0.081416	ISR	98.92828501300153	0.03467576963140523																
OSCC_11-P	85.7271430139392	0.234318	ISR	98.32157033879103	0.04031308473240932																
OSCC_13-P	84.68909526144262	0.23491399999999998	ISR	98.78055959699597	0.040934275684690484																
OSCC_16-P	87.75222629043995	0.075975	ISR	99.00828815679733	0.03202058074933633																
OSCC_2-P	79.89908198528633	0.075372	ISR	98.96793508232884	0.03626329250235563																
OSCC_4-P	73.23243755996076	0.067937	ISR	97.97946292076495	0.0500265549392187																
OSCC_5-P	89.87382412431374	0.083979	ISR	99.07039295952434	0.034004566154886874																
SRR16013048_1.fastq.gz																30.671000000000006	50.0	150.0	150	27.27272727272727	0.09999999999999999
SRR16013048_1.fastq.gz_SRR16013048_2.fastq.gz						13.835	95.1755	23.223439	0.184248	49.7146	92.124	81.33553666666667	51.160000000000004	150.0	150.0						
SRR16013048_1.trimmed.fastq.gz																30.029091224870825	50.0	132.40970322608658	142	18.181818181818183	0.092124
SRR16013048_2.fastq.gz																26.783999999999992	48.0	150.0	150	18.181818181818183	0.09999999999999999
SRR16013048_2.trimmed.fastq.gz																28.405193000738137	49.0	132.87475033650298	147	9.090909090909092	0.092124
SRR16013050_1.fastq.gz																27.95299999999999	49.0	150.0	150	27.27272727272727	0.09999999999999999
SRR16013050_1.fastq.gz_SRR16013050_2.fastq.gz						13.014000000000001	95.4245	24.217893999999998	0.188668	48.8581	94.33399999999999	84.59707666666667	47.933	150.0	150.0						
SRR16013050_1.trimmed.fastq.gz																27.61676595925117	49.0	134.59118133440754	150	18.181818181818183	0.094334
SRR16013050_2.fastq.gz																24.739999999999995	48.0	150.0	150	18.181818181818183	0.09999999999999999
SRR16013050_2.trimmed.fastq.gz																25.792397226874726	48.0	134.91520024593467	150	9.090909090909092	0.094334
SRR16013054_1.fastq.gz																28.592	49.0	150.0	150	27.27272727272727	0.09999999999999999
SRR16013054_1.fastq.gz_SRR16013054_2.fastq.gz						11.95	95.1306	23.178345	0.18553799999999998	49.4312	92.769	81.21583333333334	53.2465	150.0	150.0						
SRR16013054_1.trimmed.fastq.gz																28.18182798132996	49.0	131.34685616962562	142	18.181818181818183	0.09276899999999999
SRR16013054_2.fastq.gz																25.465000000000003	48.0	150.0	150	27.27272727272727	0.09999999999999999
SRR16013054_2.trimmed.fastq.gz																26.765406547445806	49.0	131.7007243799114	142	9.090909090909092	0.09276899999999999
SRR16013056_1.fastq.gz																30.064999999999998	50.0	150.0	150	27.27272727272727	0.09999999999999999
SRR16013056_1.fastq.gz_SRR16013056_2.fastq.gz						13.097	95.40610000000001	23.753726999999998	0.186882	49.560900000000004	93.441	82.99164	49.853500000000004	150.0	150.0						
SRR16013056_1.trimmed.fastq.gz																29.438897272075423	49.0	133.28955704669258	147	18.181818181818183	0.093441
SRR16013056_2.fastq.gz																26.765	49.0	150.0	150	27.27272727272727	0.09999999999999999
SRR16013056_2.trimmed.fastq.gz																28.04657484401922	49.0	133.61091490887299	147	9.090909090909092	0.093441
SRR16013070_1.fastq.gz																31.757999999999996	50.0	150.0	150	36.36363636363637	0.09999999999999999
SRR16013070_1.fastq.gz_SRR16013070_2.fastq.gz						13.758000000000001	95.1078	23.066568999999998	0.182198	49.9123	91.09899999999999	80.84357333333332	49.641000000000005	150.0	150.0						
SRR16013070_1.trimmed.fastq.gz																31.110110978166603	50.0	133.14847034544835	147	27.27272727272727	0.091099
SRR16013070_2.fastq.gz																27.592	49.0	150.0	150	27.27272727272727	0.09999999999999999
SRR16013070_2.trimmed.fastq.gz																29.44049879801095	49.0	133.533743509808	147	9.090909090909092	0.091099
SRR16013072_1.fastq.gz																38.644999999999996	51.0	150.0	150	36.36363636363637	0.09999999999999999
SRR16013072_1.fastq.gz_SRR16013072_2.fastq.gz						16.087	95.25240000000001	22.947063	0.18389	50.600100000000005	91.945	80.30266333333333	53.3955	150.0	150.0						
SRR16013072_1.trimmed.fastq.gz																37.97705149817826	50.0	130.9819511664582	142	27.27272727272727	0.091945
SRR16013072_2.fastq.gz																34.001999999999995	49.0	150.0	150	18.181818181818183	0.09999999999999999
SRR16013072_2.trimmed.fastq.gz																36.22926749687313	50.0	131.4373592908804	142	9.090909090909092	0.091945
SRR16013073_1.fastq.gz																31.831000000000003	51.0	150.0	150	36.36363636363637	0.09999999999999999
SRR16013073_1.fastq.gz_SRR16013073_2.fastq.gz						10.019	95.4698	22.623849	0.18148999999999998	51.0792	90.745	78.99126666666668	53.6535	150.0	150.0						
SRR16013073_1.trimmed.fastq.gz																31.217146950245194	51.0	130.63526365088987	142	27.27272727272727	0.09074499999999999
SRR16013073_2.fastq.gz																28.78500000000001	51.0	150.0	150	27.27272727272727	0.09999999999999999
SRR16013073_2.trimmed.fastq.gz																30.38183921979173	50.0	130.91528458868257	142	9.090909090909092	0.09074499999999999
SRR16013074_1.fastq.gz																30.920999999999992	51.0	150.0	150	36.36363636363637	0.09999999999999999
SRR16013074_1.fastq.gz_SRR16013074_2.fastq.gz						9.322999999999999	95.8967	22.595098	0.18128	51.0919	90.64	78.53970333333334	54.81700000000001	150.0	150.0						
SRR16013074_1.trimmed.fastq.gz																30.252647837599284	51.0	130.08779788172993	137	27.27272727272727	0.09064
SRR16013074_2.fastq.gz																27.742000000000004	52.0	150.0	150	36.36363636363637	0.09999999999999999
SRR16013074_2.trimmed.fastq.gz																28.930935569285083	50.0	130.25153353927627	142	9.090909090909092	0.09064
SRR16013082_1.fastq.gz																31.959000000000003	50.0	150.0	150	36.36363636363637	0.09999999999999999
SRR16013082_1.fastq.gz_SRR16013082_2.fastq.gz						14.631	95.1099	23.638372999999998	0.18641	49.5344	93.205	82.84585	50.039	150.0	150.0						
SRR16013082_1.trimmed.fastq.gz																31.409259159916317	49.0	133.39550453301862	147	27.27272727272727	0.093205
SRR16013082_2.fastq.gz																28.27300000000001	49.0	150.0	150	18.181818181818183	0.09999999999999999
SRR16013082_2.trimmed.fastq.gz																29.729091786921302	49.0	133.70431307333297	147	9.090909090909092	0.093205
SRR16013083_1.fastq.gz																22.623000000000005	50.0	150.0	150	36.36363636363637	0.09999999999999999
SRR16013083_1.fastq.gz_SRR16013083_2.fastq.gz						6.901	95.3626	23.234106999999998	0.184164	50.026	92.082	81.21319	51.7315	150.0	150.0						
SRR16013083_1.trimmed.fastq.gz																22.165026823917813	50.0	132.4587758736778	142	27.27272727272727	0.092082
SRR16013083_2.fastq.gz																20.686999999999998	51.0	150.0	150	36.36363636363637	0.09999999999999999
SRR16013083_2.trimmed.fastq.gz																20.949805608044997	49.0	132.55327859950913	147	9.090909090909092	0.092082
SRR16013084_1.fastq.gz																24.203000000000003	50.0	150.0	150	36.36363636363637	0.09999999999999999
SRR16013084_1.fastq.gz_SRR16013084_2.fastq.gz						7.936999999999999	95.1885	23.28006	0.184194	50.057300000000005	92.097	81.52268000000001	50.619499999999995	150.0	150.0						
SRR16013084_1.trimmed.fastq.gz																23.680467333355054	50.0	132.90708709295635	147	27.27272727272727	0.092097
SRR16013084_2.fastq.gz																22.179000000000002	50.0	150.0	150	18.181818181818183	0.09999999999999999
SRR16013084_2.trimmed.fastq.gz																22.728210473739637	49.0	133.08995407016516	147	9.090909090909092	0.092097
SRR16013090_1.fastq.gz																42.754999999999995	51.0	150.0	150	36.36363636363637	0.09999999999999999
SRR16013090_1.fastq.gz_SRR16013090_2.fastq.gz						15.692	94.6701	21.245086	0.17315799999999998	51.07509999999999	86.579	74.80393666666667	55.2415	150.0	150.0						
SRR16013090_1.trimmed.fastq.gz																41.50198084985966	51.0	129.3907933794569	137	27.27272727272727	0.08657899999999999
SRR16013090_2.fastq.gz																35.62100000000001	49.0	150.0	150	36.36363636363637	0.09999999999999999
SRR16013090_2.trimmed.fastq.gz																39.1907968445004	50.0	130.1750713221451	137	18.181818181818183	0.08657899999999999
